*******************************************************************************************
Iteracion NumIndividuos MejorFitness MejorGenotipo PeorFitness PeorGenotipo MediaFitness 
2017_06_07_20_04_44

00,10,2.0559374999999993,17.85125,9.425243749999996
01,10,2.0559374999999993,12.8106875,8.697012499999998
02,10,2.0559374999999993,12.8106875,8.697012499999998
03,10,2.0559374999999993,19.209,9.08985625
04,10,2.0559374999999993,11.361999999999998,7.6819875
05,10,2.0559374999999993,10.160125,7.243012500000001
06,10,2.0559374999999993,14.551124999999999,7.717112499999999
07,10,2.0559374999999993,9.480874999999997,7.2100875
08,10,2.0559374999999993,9.43175,6.7367625
09,10,2.0559374999999993,8.5345625,6.10216875
10,10,2.0559374999999993,13.049874999999998,6.647999999999999
11,10,2.0559374999999993,13.049874999999998,6.647999999999999
12,10,2.0559374999999993,16.549687499999997,6.99798125
13,10,2.0559374999999993,14.53175,6.796187499999999
14,10,2.0559374999999993,23.664250000000006,8.0222875
15,10,2.0559374999999993,14.965875000000002,7.1232625
16,10,2.0559374999999993,11.855875000000001,5.96751875
17,10,2.0559374999999993,19.668625,7.147206249999999
18,10,2.0559374999999993,10.956375000000001,5.77664375
19,10,2.0559374999999993,10.956375000000001,5.77664375
20,10,2.0559374999999993,11.857750000000001,5.86678125
21,10,2.0559374999999993,13.74925,6.26256875
22,10,2.0559374999999993,8.913999999999998,5.770606249999999
23,10,2.0559374999999993,8.829625,5.75834375
24,10,2.0559374999999993,8.791374999999999,5.52096875
25,10,2.0559374999999993,19.817875,6.62361875
26,10,2.0559374999999993,10.7388125,5.722687499999999
27,10,2.0559374999999993,6.525624999999999,5.250081249999999
28,10,2.0559374999999993,15.50575,6.2661
29,10,2.0559374999999993,10.433625000000001,5.899749999999999
30,10,2.0559374999999993,15.809750000000001,6.437362500000001
31,10,2.0559374999999993,6.095999999999999,4.613012499999999
32,10,2.0559374999999993,9.468624999999998,5.2814
33,10,2.0559374999999993,5.962999999999998,4.06754375
34,10,2.0559374999999993,9.500250000000001,4.421268749999999
35,10,2.0559374999999993,9.672312499999999,4.3743437499999995
36,10,2.0559374999999993,6.605875,4.0657
37,10,2.0559374999999993,8.7158125,4.8003374999999995
38,10,2.0559374999999993,10.354000000000001,4.920674999999999
39,10,2.0559374999999993,16.559124999999995,5.906574999999998
40,10,2.0559374999999993,11.222625000000003,5.2910375
41,10,2.0559374999999993,10.40375,5.165312499999999
42,10,2.0559374999999993,10.42375,4.526362499999999
43,10,2.0559374999999993,5.65025,3.824831249999999
44,10,2.0559374999999993,6.456125,3.8535499999999994
45,10,2.0559374999999993,10.41375,4.315924999999999
46,10,2.0559374999999993,5.620249999999998,3.5725249999999997
47,10,2.0559374999999993,5.844437500000001,3.4660249999999997
48,10,2.0559374999999993,10.364,3.8329812499999996
49,10,2.0559374999999993,7.5687500000000005,3.9141499999999994
50,10,2.0559374999999993,3.555875,3.1192999999999995
51,10,2.0559374999999993,3.555875,3.1192999999999995
52,10,2.0559374999999993,3.5006874999999997,3.1137812499999997
53,10,2.0559374999999993,7.57875,3.5156124999999996
54,10,2.0559374999999993,9.5523125,3.6185874999999994
55,10,2.0559374999999993,3.3786874999999994,2.905
56,10,2.0559374999999993,3.2271874999999994,2.7838999999999996
57,10,2.0559374999999993,3.2271874999999994,2.6871749999999994
58,10,2.0559374999999993,9.627312499999999,3.2224999999999993
59,10,2.0559374999999993,6.1120624999999995,2.8709749999999996
60,10,2.0559374999999993,3.1374374999999994,2.4847624999999995
61,10,2.0559374999999993,9.567562499999998,3.4134
62,10,2.0559374999999993,5.834437500000001,2.6823624999999995
63,10,2.0559374999999993,5.3465625,2.6335749999999996
64,10,2.0559374999999993,2.9584374999999996,2.3395812499999997
65,10,2.0559374999999993,8.595875000000001,2.9100999999999995
66,10,2.0559374999999993,2.834875,2.2931562499999996
67,10,2.0559374999999993,2.4264374999999996,2.2265437499999994
68,10,1.8994375000000003,2.4164375,2.1738437499999996
69,10,1.8994375000000003,2.474375,2.1796374999999992
70,10,1.8994375000000003,2.474375,2.2034249999999997
71,10,1.8994375000000003,2.5758749999999995,2.2135749999999996
72,10,1.8994375000000003,6.505875,2.6065749999999994
73,10,1.8994375000000003,7.5296875000000005,2.72121875
74,10,1.8894375,6.605875,2.5648562499999996
75,10,1.1869375,5.844437500000001,2.39399375
76,10,1.1869375,8.655625,2.7077062499999998
77,10,1.1869375,5.220375,2.3552124999999995
78,10,1.1869375,2.2599374999999995,1.9835874999999994
79,10,1.1869375,5.220375,2.2479124999999995
80,10,1.1869375,6.156062500000001,2.3414812499999997
81,10,1.1869375,6.156062500000001,2.2738124999999996
82,10,1.1869375,5.844437500000001,2.2405062499999997
83,10,1.1869375,2.5292499999999998,1.9355999999999995
84,10,1.1869375,5.180625,2.2007375
85,10,1.1869375,2.4946249999999996,1.8325499999999995
86,10,1.1869375,2.4946249999999996,1.8325499999999995
87,10,1.1869375,5.844437500000001,2.18335
88,10,1.1869375,2.3269375,1.7210625
89,10,1.1716250000000001,5.220375,1.84676875
90,10,1.1716250000000001,2.474375,1.5415187500000003
91,10,1.1716250000000001,4.6388750000000005,1.7579687499999999
92,10,1.1716250000000001,2.1256874999999993,1.46849375
93,10,1.1716250000000001,8.565875,2.742925
94,10,1.1716250000000001,5.284625,1.7285374999999998
95,10,1.1716250000000001,5.284625,1.7285374999999998
96,10,1.1716250000000001,5.230375,1.67085625
97,10,1.1716250000000001,1.6196249999999999,1.3018937499999998
98,10,1.1716250000000001,2.7671249999999996,1.41664375
99,10,1.1716250000000001,5.220375,1.6619687499999998


*******************************************************************************************
Iteracion NumIndividuos MejorFitness MejorGenotipo PeorFitness PeorGenotipo MediaFitness 
2017_06_07_20_05_19

00,13,2.2268749999999997,13.504999999999999,8.122105769230767
01,13,2.2268749999999997,13.305499999999997,7.915605769230766
02,13,2.2268749999999997,11.761249999999999,7.289865384615384
03,13,2.2268749999999997,12.097999999999997,7.31576923076923
04,13,2.2268749999999997,12.097999999999997,7.31576923076923
05,13,2.2268749999999997,23.730500000000003,8.274754807692307
06,13,2.2268749999999997,11.119125,7.143923076923075
07,13,2.2268749999999997,16.2675,7.967543269230768
08,13,2.2268749999999997,15.645937499999997,7.174687499999998
09,13,2.2268749999999997,9.565374999999998,6.2047307692307685
10,13,2.2268749999999997,11.1994375,6.330427884615384
11,13,2.2268749999999997,11.717375,6.307769230769229
12,13,2.2268749999999997,11.269624999999998,6.273326923076922
13,13,2.2268749999999997,11.269624999999998,6.273326923076922
14,13,2.2268749999999997,11.269624999999998,6.273326923076922
15,13,2.2268749999999997,9.163499999999999,5.837336538461537
16,13,2.2268749999999997,15.370374999999997,6.31478846153846
17,13,2.2268749999999997,14.101812499999998,6.217206730769229
18,13,2.2268749999999997,8.29275,5.639884615384615
19,13,2.2268749999999997,11.168312499999999,5.861081730769229
20,13,2.2268749999999997,7.987499999999999,5.484086538461536
21,13,2.2268749999999997,7.987499999999999,5.484086538461536
22,13,2.2268749999999997,10.94725,5.711759615384614
23,13,2.2268749999999997,17.4603125,6.512403846153844
24,13,2.2268749999999997,10.4919375,5.924149038461536
25,13,2.2268749999999997,29.284,8.529230769230768
26,13,2.2268749999999997,24.886999999999997,7.01639423076923
27,13,2.2268749999999997,13.905249999999999,5.970749999999999
28,13,2.2268749999999997,13.905249999999999,5.970749999999999
29,13,2.2268749999999997,20.161499999999993,6.860735576923075
30,13,2.2268749999999997,20.161499999999993,6.861543269230767
31,13,2.2268749999999997,12.8605625,6.088139423076921
32,13,2.2268749999999997,12.3756875,6.050841346153845
33,13,2.2268749999999997,25.046374999999998,7.956557692307692
34,13,2.2268749999999997,12.468937500000001,6.005793269230769
35,13,2.2268749999999997,10.10725,5.709721153846153
36,13,2.2268749999999997,30.1005,7.873942307692307
37,14,2.2268749999999997,16.761625,6.045151785714286
38,14,2.2268749999999997,10.144499999999999,5.440517857142855
39,13,2.2268749999999997,17.527687500000003,6.145798076923077
40,13,2.2268749999999997,11.7801875,5.196360576923076
41,13,2.2268749999999997,11.7801875,5.196360576923076
42,13,2.2268749999999997,10.76775,5.118480769230768
43,13,2.2268749999999997,10.76775,5.118480769230768
44,13,2.2268749999999997,16.313749999999995,5.5450961538461545
45,13,2.2268749999999997,18.275624999999994,6.6427788461538455
46,13,2.2268749999999997,17.49299999999999,5.592009615384615
47,13,2.2268749999999997,11.7533125,5.325677884615384
48,13,2.2268749999999997,11.7533125,5.325677884615384
49,13,2.2268749999999997,11.7533125,5.325677884615384
50,13,2.2268749999999997,27.034749999999995,7.02157692307692
51,13,2.2268749999999997,12.258249999999999,5.8476442307692285
52,13,2.2268749999999997,18.697874999999996,6.342999999999998
53,13,2.2268749999999997,18.697874999999996,6.342999999999998
54,13,2.2268749999999997,19.30175,5.865192307692306
55,13,2.2268749999999997,8.810812499999997,5.0581971153846155
56,13,2.2268749999999997,8.810812499999997,5.0581971153846155
57,13,1.7150625,9.121000000000002,4.832581730769231
58,13,1.7150625,7.0055,4.473543269230769
59,13,1.7150625,18.724124999999994,6.606033653846153
60,13,1.7150625,17.7188125,5.406062499999999
61,13,1.7150625,17.7188125,5.406062499999999
62,13,1.7150625,9.7501875,5.27345673076923
63,13,1.7150625,9.7501875,5.27345673076923
64,13,1.7150625,11.882874999999999,5.437509615384613
65,13,1.7150625,14.968249999999998,5.674846153846151
66,13,1.7150625,14.968249999999998,5.674846153846151
67,13,1.7150625,14.148875,5.611817307692307
68,13,1.7150625,9.019250000000001,4.884673076923077
69,13,1.7150625,13.1459375,5.486817307692307
70,13,1.7150625,9.177499999999998,5.208091346153846
71,13,1.7150625,8.1844375,4.710062499999999
72,13,1.7150625,6.859375,4.31914423076923
73,13,1.7150625,18.153875,5.416605769230769
74,13,1.7150625,10.395750000000001,4.758144230769231
75,13,1.7150625,8.782999999999998,4.49751923076923
76,13,1.7150625,10.852625,4.829653846153846
77,13,1.7150625,19.029562499999997,5.3209374999999985
78,13,1.7150625,34.08931250000001,7.091485576923077
79,13,1.7150625,16.388124999999995,5.46526923076923
80,13,1.7150625,8.66375,4.34814423076923
81,13,1.7150625,21.471874999999997,5.333384615384613
82,13,1.7150625,6.5875,3.899605769230769
83,13,1.7150625,9.84025,4.1203509615384615
84,13,1.7150625,10.408625,4.5267019230769225
85,13,1.7150625,10.2915,4.203100961538461
86,13,1.7150625,7.891937499999998,4.037317307692307
87,13,1.7150625,19.668125,5.731798076923076
88,13,1.7150625,16.453874999999996,5.086942307692307
89,13,1.7150625,18.695249999999998,5.259355769230769
90,13,1.7150625,11.284999999999998,4.383168269230769
91,13,1.7150625,22.024249999999995,5.199980769230767
92,13,1.7150625,9.4075,4.2756634615384606
93,13,1.7150625,8.001437499999998,4.167504807692307
94,13,1.7150625,16.953375,5.500355769230767
95,13,1.7150625,16.159875,5.054057692307692
96,13,1.7150625,10.931687500000004,4.287831730769231
97,13,1.7150625,15.535125,4.907211538461538
98,13,1.7150625,9.874,4.4408942307692305
99,13,1.7150625,9.466250000000002,4.388134615384615