*******************************************************************************************
Iteracion NumIndividuos MejorFitness MejorGenotipo PeorFitness PeorGenotipo MediaFitness 
2017_02_28_19_38_03

00 11 7.0264999999999995 14.230000000000004 10.598159090909093
01 11 7.0264999999999995 15.595249999999998 10.722272727272728
02 11 7.0264999999999995 13.1775 9.301272727272728
03 11 7.0264999999999995 11.346499999999997 8.184045454545455
04 11 7.0264999999999995 9.996250000000002 7.494295454545454
05 11 7.0264999999999995 7.720999999999999 7.147738636363636
06 11 7.0264999999999995 7.0264999999999995 7.0264999999999995
07 11 7.0264999999999995 7.0264999999999995 7.0264999999999995
08 11 7.0264999999999995 7.0264999999999995 7.0264999999999995
09 11 7.0264999999999995 7.0264999999999995 7.0264999999999995
10 11 7.0264999999999995 7.0264999999999995 7.0264999999999995
11 11 7.0264999999999995 7.0264999999999995 7.0264999999999995
12 11 7.0264999999999995 7.0264999999999995 7.0264999999999995
13 11 7.0264999999999995 7.0264999999999995 7.0264999999999995
14 11 7.0264999999999995 7.0264999999999995 7.0264999999999995
15 11 7.0264999999999995 7.0264999999999995 7.0264999999999995
16 11 7.0264999999999995 7.0264999999999995 7.0264999999999995
17 11 7.0264999999999995 7.0264999999999995 7.0264999999999995
18 11 7.0264999999999995 7.0264999999999995 7.0264999999999995
19 11 7.0264999999999995 7.0264999999999995 7.0264999999999995
20 11 7.0264999999999995 7.0264999999999995 7.0264999999999995
21 11 7.0264999999999995 7.0264999999999995 7.0264999999999995
22 11 7.0264999999999995 7.0264999999999995 7.0264999999999995
23 11 7.0264999999999995 7.0264999999999995 7.0264999999999995
24 11 7.0264999999999995 7.0264999999999995 7.0264999999999995
25 11 7.0264999999999995 7.0264999999999995 7.0264999999999995
26 11 7.0264999999999995 7.0264999999999995 7.0264999999999995
27 11 7.0264999999999995 7.0264999999999995 7.0264999999999995
28 11 7.0264999999999995 7.0264999999999995 7.0264999999999995
29 12 7.0264999999999995 7.0264999999999995 7.0264999999999995
30 12 7.0264999999999995 7.0264999999999995 7.0264999999999995
31 12 7.0264999999999995 7.0264999999999995 7.0264999999999995
32 12 7.0264999999999995 7.0264999999999995 7.0264999999999995
33 12 7.0264999999999995 7.0264999999999995 7.0264999999999995
34 12 7.0264999999999995 7.0264999999999995 7.0264999999999995
35 12 7.0264999999999995 7.0264999999999995 7.0264999999999995
36 12 7.0264999999999995 7.0264999999999995 7.0264999999999995
37 12 7.0264999999999995 7.0264999999999995 7.0264999999999995
38 12 7.0264999999999995 7.0264999999999995 7.0264999999999995
39 12 7.0264999999999995 7.0264999999999995 7.0264999999999995
40 12 7.0264999999999995 7.0264999999999995 7.0264999999999995
41 12 7.0264999999999995 7.0264999999999995 7.0264999999999995
42 12 7.0264999999999995 7.0264999999999995 7.0264999999999995
43 12 7.0264999999999995 7.0264999999999995 7.0264999999999995
44 12 7.0264999999999995 7.0264999999999995 7.0264999999999995
45 12 7.0264999999999995 7.0264999999999995 7.0264999999999995
46 12 7.0264999999999995 7.0264999999999995 7.0264999999999995
47 12 7.0264999999999995 7.0264999999999995 7.0264999999999995
48 12 7.0264999999999995 7.0264999999999995 7.0264999999999995
49 13 7.0264999999999995 7.0264999999999995 7.0264999999999995
50 13 7.0264999999999995 7.0264999999999995 7.0264999999999995
51 13 7.0264999999999995 7.0264999999999995 7.0264999999999995
52 13 7.0264999999999995 7.0264999999999995 7.0264999999999995
53 13 7.0264999999999995 7.0264999999999995 7.0264999999999995
54 13 7.0264999999999995 7.0264999999999995 7.0264999999999995
55 13 7.0264999999999995 7.0264999999999995 7.0264999999999995
56 13 7.0264999999999995 7.0264999999999995 7.0264999999999995
57 13 7.0264999999999995 7.0264999999999995 7.0264999999999995
58 13 7.0264999999999995 7.0264999999999995 7.0264999999999995
59 13 7.0264999999999995 7.0264999999999995 7.0264999999999995
60 13 7.0264999999999995 7.0264999999999995 7.0264999999999995
61 13 7.0264999999999995 7.0264999999999995 7.0264999999999995
62 13 7.0264999999999995 7.0264999999999995 7.0264999999999995
63 13 4.8389999999999995 7.0264999999999995 6.858230769230769
64 13 4.8389999999999995 7.0264999999999995 6.689961538461538
65 13 4.8389999999999995 7.0264999999999995 6.689961538461538
66 13 4.8389999999999995 7.0264999999999995 6.495730769230769
67 13 4.8389999999999995 7.0264999999999995 6.495730769230769
68 13 4.8389999999999995 7.0264999999999995 6.301499999999999
69 13 4.8389999999999995 7.0264999999999995 5.964961538461537
70 13 4.8389999999999995 7.0264999999999995 5.628423076923076
71 13 4.8389999999999995 7.0264999999999995 5.291884615384614
72 13 4.8389999999999995 6.689 4.981307692307691
73 13 4.8389999999999995 4.8389999999999995 4.8389999999999995
74 13 4.8389999999999995 4.8389999999999995 4.8389999999999995
75 13 4.8389999999999995 4.8389999999999995 4.8389999999999995
76 13 4.8389999999999995 4.8389999999999995 4.8389999999999995
77 13 4.8389999999999995 4.8389999999999995 4.8389999999999995
78 13 4.8389999999999995 4.8389999999999995 4.8389999999999995
79 13 4.8389999999999995 4.8389999999999995 4.8389999999999995
80 13 4.8389999999999995 4.8389999999999995 4.8389999999999995
81 13 4.8389999999999995 4.8389999999999995 4.8389999999999995
82 13 4.8389999999999995 4.8389999999999995 4.8389999999999995
83 13 4.8389999999999995 4.8389999999999995 4.8389999999999995
84 13 4.8389999999999995 4.8389999999999995 4.8389999999999995
85 13 4.8389999999999995 4.8389999999999995 4.8389999999999995
86 13 4.8389999999999995 4.8389999999999995 4.8389999999999995
87 13 4.8389999999999995 4.8389999999999995 4.8389999999999995
88 13 4.8389999999999995 4.8389999999999995 4.8389999999999995
89 13 4.8389999999999995 4.8389999999999995 4.8389999999999995
90 13 4.8389999999999995 4.8389999999999995 4.8389999999999995
91 14 4.8389999999999995 5.180249999999999 4.863374999999999
92 14 4.8389999999999995 4.8389999999999995 4.8389999999999995


*******************************************************************************************
Iteracion NumIndividuos MejorFitness MejorGenotipo PeorFitness PeorGenotipo MediaFitness 
2017_02_28_19_39_00

00 10 6.905 12.245000000000001 9.766025000000003
01 10 6.905 18.860625 10.427587500000001
02 10 4.5515625 11.34825 8.284362500000002
03 10 4.5515625 10.245125 7.929987500000001
04 10 4.5515625 17.5916875 8.715475000000001
05 10 4.5515625 9.643812499999997 6.791275000000001
06 10 4.5515625 8.696875 5.827581250000001
07 10 4.5515625 6.958749999999999 5.0276250000000005
08 10 4.5515625 6.905 4.78690625
09 10 4.5515625 4.5515625 4.551562500000001
10 10 4.5515625 4.5515625 4.551562500000001
11 10 4.41675 4.5515625 4.53808125
12 10 4.41675 4.5515625 4.5111187500000005
13 10 1.9740625 4.926562499999999 4.2908687500000005
14 10 1.9740625 4.926562499999999 4.328368750000001
15 10 1.9490625 4.5515625 3.9796375000000004
16 11 1.9490625 4.5515625 3.5851534090909096
17 11 1.9490625 4.926562499999999 3.6849261363636363
18 11 1.9490625 5.25425 3.456289772727273
19 11 1.9490625 4.5515625 2.9192272727272726
20 11 1.9490625 4.41675 2.6826363636363637
21 11 1.9490625 4.41675 2.2606704545454543
22 11 1.9490625 2.2428125 2.002471590909091
23 11 1.9490625 2.2428125 1.9757670454545453
24 11 1.9490625 1.9490625 1.9490625
25 11 1.8928124999999998 1.9490625 1.9439488636363635
26 11 1.8928124999999998 2.2428125 1.970653409090909
27 11 1.8928124999999998 2.2428125 1.9655397727272728
28 11 1.8928124999999998 1.9490625 1.9388352272727274
29 11 1.8928124999999998 1.9490625 1.9388352272727274
30 11 1.8928124999999998 2.2428125 1.9604261363636362
31 11 1.8928124999999998 1.9490625 1.9337215909090908
32 11 1.8928124999999998 1.9490625 1.9337215909090908
33 11 1.8928124999999998 1.9490625 1.9337215909090908
34 11 1.8928124999999998 1.9490625 1.9337215909090908
35 11 1.8928124999999998 1.9490625 1.9337215909090908
36 11 1.8928124999999998 1.9490625 1.9337215909090908
37 11 1.8928124999999998 2.2428125 1.9604261363636362
38 11 1.8928124999999998 1.9490625 1.9337215909090908
39 11 1.8928124999999998 1.9490625 1.9337215909090908
40 11 1.8928124999999998 1.9490625 1.9337215909090908
41 11 1.8928124999999998 1.9490625 1.9337215909090908
42 11 1.8928124999999998 2.2428125 1.9553125
43 11 1.8928124999999998 1.9490625 1.9286079545454546
44 11 1.8928124999999998 1.9490625 1.9286079545454546
45 11 1.8928124999999998 2.2428125 1.9553125
46 12 1.8928124999999998 1.9490625 1.9303125
47 12 1.8928124999999998 1.9490625 1.9303125
48 12 1.8928124999999998 2.2345625 1.9541041666666665
49 12 1.8928124999999998 1.9490625 1.9303125
50 12 1.8928124999999998 1.9490625 1.9303125
51 12 1.8928124999999998 3.01 2.078802083333333
52 12 1.8928124999999998 1.9490625 1.9303125
53 12 1.8928124999999998 1.9490625 1.9303125
54 12 1.8928124999999998 1.9490625 1.9303125
55 12 1.8928124999999998 1.9490625 1.9303125
56 12 1.8928124999999998 1.9490625 1.9303125
57 12 1.8928124999999998 1.9490625 1.9303125
58 12 1.8928124999999998 1.9490625 1.9303125
59 12 1.8928124999999998 1.9490625 1.9303125
60 12 1.8928124999999998 1.9490625 1.9303125
61 12 1.8928124999999998 1.9490625 1.9303125
62 12 1.8928124999999998 1.9490625 1.9303125
63 12 1.8928124999999998 1.9490625 1.9303125
64 12 1.8928124999999998 3.01 2.078802083333333
65 12 1.8928124999999998 1.9490625 1.9303125
66 12 1.8928124999999998 1.9490625 1.9303125
67 12 1.8928124999999998 3.01 2.078802083333333
68 12 1.8928124999999998 1.9490625 1.9303125
69 12 1.8928124999999998 3.01 2.078802083333333
70 12 1.8928124999999998 1.9490625 1.9303125
71 12 1.8928124999999998 2.2965625000000003 1.9592708333333333
72 12 1.8928124999999998 3.01 2.07796875
73 12 1.8928124999999998 3.01 2.07796875
74 12 1.8928124999999998 1.9490625 1.9303125
75 12 1.8928124999999998 3.01 2.0779687499999997
76 12 1.8928124999999998 1.9490625 1.9303125
77 12 1.8928124999999998 1.9490625 1.9303125
78 12 1.8928124999999998 1.9490625 1.9303125
79 12 1.8928124999999998 1.9490625 1.9303125
80 12 1.8928124999999998 1.9490625 1.9303125
81 12 1.8928124999999998 1.9490625 1.9303125
82 12 1.8928124999999998 1.9490625 1.9303125
83 12 1.8928124999999998 1.9490625 1.9303125
84 12 1.8928124999999998 1.9490625 1.9303125
85 12 1.8928124999999998 1.9490625 1.9303125
86 12 1.8928124999999998 3.01 2.0779687499999997
87 12 1.8928124999999998 1.9490625 1.9303125
88 12 1.8928124999999998 3.01 2.0779687499999997
89 13 1.8928124999999998 2.2146874999999997 1.9521875
90 13 1.8928124999999998 1.9490625 1.9317548076923077
91 13 1.8928124999999998 1.9490625 1.9317548076923077
92 13 1.8928124999999998 3.01 2.0688221153846156
93 13 1.8928124999999998 1.9490625 1.9317548076923077
94 13 1.8928124999999998 1.9490625 1.9317548076923077
95 13 1.8928124999999998 1.9490625 1.9317548076923077
96 13 1.8928124999999998 2.2146874999999997 1.9521875
97 13 1.8646874999999996 2.2146874999999997 1.9456971153846152
98 13 1.8646874999999996 1.9490625 1.925264423076923
99 13 1.8646874999999996 1.9490625 1.925264423076923
100 13 1.8646874999999996 2.2146874999999997 1.9392067307692307
101 13 1.8646874999999996 2.2146874999999997 1.9392067307692307
102 13 1.8646874999999996 1.9490625 1.9187740384615384
103 13 1.8646874999999996 1.9490625 1.9187740384615384
104 13 1.8286249999999997 2.2146874999999997 1.9364326923076922
105 13 1.8286249999999997 2.6178125 1.9878749999999998
106 13 1.8286249999999997 1.9490625 1.916
107 13 1.8286249999999997 1.9490625 1.916
108 13 1.8286249999999997 1.9490625 1.916
109 13 1.8286249999999997 1.9490625 1.9067355769230767
110 13 1.8286249999999997 1.9490625 1.8974711538461535
111 13 1.8286249999999997 1.9490625 1.8974711538461535
112 13 1.8286249999999997 2.2146874999999997 1.911413461538461
113 13 1.8286249999999997 2.1504999999999996 1.9064759615384612
114 13 1.8286249999999997 1.9490625 1.8909807692307687
115 13 1.8286249999999997 2.2146874999999997 1.911413461538461
116 13 1.8286249999999997 1.9490625 1.8724519230769223
117 13 1.8286249999999997 1.9490625 1.863187499999999
118 13 1.8286249999999997 1.8928124999999998 1.848985576923076
119 13 1.8286249999999997 1.9490625 1.8483749999999992
120 13 1.8286249999999997 1.8646874999999996 1.834173076923076
121 13 1.8286249999999997 1.8286249999999997 1.828624999999999
122 13 1.8286249999999997 1.8286249999999997 1.828624999999999
123 13 1.8286249999999997 1.8286249999999997 1.828624999999999
124 13 1.8286249999999997 1.8286249999999997 1.828624999999999
125 13 1.8286249999999997 1.8286249999999997 1.828624999999999
126 13 1.8286249999999997 1.8286249999999997 1.828624999999999
127 13 1.8286249999999997 1.8286249999999997 1.828624999999999
128 13 1.8286249999999997 1.8286249999999997 1.828624999999999
129 13 1.8286249999999997 1.8286249999999997 1.828624999999999
130 13 1.8286249999999997 1.8286249999999997 1.828624999999999
131 13 1.8286249999999997 1.8286249999999997 1.828624999999999
132 13 1.8286249999999997 1.8286249999999997 1.828624999999999
133 13 1.8286249999999997 1.8286249999999997 1.828624999999999
134 13 1.8286249999999997 1.8286249999999997 1.828624999999999
135 13 1.8286249999999997 1.8286249999999997 1.828624999999999
136 13 1.8286249999999997 1.8286249999999997 1.828624999999999
137 13 1.8286249999999997 1.8286249999999997 1.828624999999999
138 13 1.5067499999999996 1.8286249999999997 1.8038653846153838
139 13 1.5067499999999996 1.8286249999999997 1.8038653846153838
140 13 1.5067499999999996 1.8286249999999997 1.8038653846153838
141 13 1.4786249999999996 1.8286249999999997 1.776942307692307
142 13 1.4786249999999996 1.8286249999999997 1.776942307692307
143 13 1.4786249999999996 1.8286249999999997 1.75001923076923
144 13 1.4786249999999996 1.8286249999999997 1.75001923076923
145 13 1.4786249999999996 1.8286249999999997 1.7230961538461531
146 13 1.4786249999999996 1.8286249999999997 1.6983365384615376
147 13 1.4786249999999996 1.8286249999999997 1.648817307692307
148 13 1.4786249999999996 1.8286249999999997 1.5992980769230765
149 13 1.4786249999999996 1.8286249999999997 1.5497788461538458
150 13 1.4786249999999996 1.5067499999999996 1.5002596153846153
151 13 1.4786249999999996 1.5067499999999996 1.5002596153846153
152 13 1.4786249999999996 1.5067499999999996 1.5002596153846153
153 13 1.3797499999999998 1.5067499999999996 1.4904903846153845
154 13 1.3797499999999998 1.9034999999999997 1.5515288461538463
155 13 1.3797499999999998 1.5067499999999996 1.4904903846153845
156 13 1.3797499999999998 1.5067499999999996 1.4904903846153845
157 13 1.3797499999999998 1.9034999999999997 1.5515288461538463
158 13 1.3797499999999998 1.5067499999999996 1.4904903846153845
159 13 1.3797499999999998 1.5067499999999996 1.4904903846153845
160 13 1.3797499999999998 1.5067499999999996 1.4904903846153845
161 13 1.3797499999999998 1.5067499999999996 1.4904903846153845
162 13 1.3797499999999998 1.8579999999999997 1.5175096153846153
163 13 1.3797499999999998 1.5067499999999996 1.4904903846153845
164 13 1.3797499999999998 1.5067499999999996 1.4904903846153845
165 13 1.3797499999999998 1.5067499999999996 1.4904903846153845
166 13 1.3797499999999998 1.5067499999999996 1.4904903846153845
167 13 1.3797499999999998 1.5067499999999996 1.4904903846153845
168 13 1.3797499999999998 1.5067499999999996 1.4904903846153845
169 13 1.3797499999999998 1.5067499999999996 1.480721153846154
170 13 1.3797499999999998 1.9034999999999997 1.5417596153846154
171 13 1.3797499999999998 1.5067499999999996 1.4611826923076923
172 13 1.3797499999999998 1.5067499999999996 1.4416442307692305
173 13 1.3797499999999998 1.9034999999999997 1.502682692307692
174 13 1.3797499999999998 1.5067499999999996 1.4318749999999996
175 13 1.3504999999999998 1.5067499999999996 1.402480769230769
176 13 1.3504999999999998 1.4786249999999996 1.3851057692307691
177 13 1.3504999999999998 1.3797499999999998 1.3775
178 13 1.3504999999999998 1.3797499999999998 1.3775
179 13 1.3504999999999998 1.3797499999999998 1.3775
180 13 1.3504999999999998 1.3797499999999998 1.3775
181 13 1.3504999999999998 1.3797499999999998 1.3775
182 13 1.3504999999999998 1.3797499999999998 1.3775
183 13 1.3504999999999998 1.3797499999999998 1.3775
184 13 1.3504999999999998 1.3797499999999998 1.3775
185 13 1.3504999999999998 1.3797499999999998 1.3775
186 13 1.3504999999999998 1.7472499999999997 1.4057692307692307
187 13 1.3504999999999998 1.3797499999999998 1.3752499999999999
188 13 1.3504999999999998 1.5234999999999996 1.3960769230769228
189 13 1.3504999999999998 1.7472499999999997 1.4048653846153845
190 13 1.3504999999999998 1.3797499999999998 1.3752499999999999
191 13 1.3504999999999998 1.3797499999999998 1.3752499999999999
192 13 1.3504999999999998 1.3797499999999998 1.3752499999999999
193 13 1.3504999999999998 1.3797499999999998 1.3752499999999999
194 13 1.3504999999999998 1.3797499999999998 1.3752499999999999
195 13 1.3504999999999998 1.7472499999999997 1.4048653846153845
196 13 1.3504999999999998 1.7472499999999997 1.4048653846153845
197 13 1.1734999999999998 1.3797499999999998 1.3571346153846153
198 13 1.1734999999999998 1.9034999999999997 1.4256923076923076
199 13 1.1722499999999998 1.5234999999999996 1.3522307692307693


*******************************************************************************************
Iteracion NumIndividuos MejorFitness MejorGenotipo PeorFitness PeorGenotipo MediaFitness 
2017_02_28_19_54_51

00 11 5.61925 15.87 10.5653125
01 11 5.61925 17.264375 10.58115340909091
02 11 5.5525 12.8795 9.821448863636363
03 11 5.09675 17.022125 9.989664772727274
04 11 5.09675 21.278124999999996 10.190892045454545
05 11 5.09675 13.912625 9.556221590909091
06 11 5.09675 11.32625 8.488863636363634
07 11 5.09675 22.595749999999992 9.660602272727273
08 11 5.09675 12.434125 8.675948863636362
09 11 5.09675 12.158687499999997 8.70797159090909
10 11 5.09675 14.082937499999996 8.366392045454544
11 11 5.09675 14.189562499999997 8.78494318181818
12 11 5.09675 14.161062500000002 8.299085227272727
13 11 5.09675 17.658375000000003 8.378545454545455
14 11 5.09675 11.639624999999999 7.916102272727273
15 11 5.09675 11.59275 7.949727272727273
16 11 5.09675 13.299000000000003 8.312556818181818
17 11 4.781750000000001 16.13475 8.648931818181818
18 11 4.781750000000001 9.264875000000002 7.375363636363637
19 11 4.781750000000001 10.1890625 7.518698863636365
20 11 4.781750000000001 16.993250000000003 8.23509090909091
21 11 4.781750000000001 14.871749999999999 8.22046590909091
22 11 4.781750000000001 14.118499999999997 8.297482954545455
23 11 4.781750000000001 8.847124999999998 6.790318181818182
24 12 4.781750000000001 19.444624999999995 7.5060625
25 12 4.066124999999999 8.377499999999998 5.9504270833333335
26 12 4.066124999999999 18.668 7.139104166666666
27 12 4.066124999999999 21.551499999999994 7.618083333333332
28 12 4.066124999999999 7.159750000000002 5.457874999999999
29 12 4.066124999999999 15.6818125 6.138619791666666
30 12 4.066124999999999 6.9675 5.1706458333333325
31 12 4.066124999999999 5.4174999999999995 4.741932291666666
32 12 2.6905624999999995 6.0479375000000015 4.567223958333333
33 12 2.6905624999999995 5.21425 4.3265312499999995
34 12 2.6905624999999995 4.930437500000001 4.11375
35 12 2.6905624999999995 4.781750000000001 3.932067708333333
36 12 2.6905624999999995 13.460249999999998 5.337697916666666
37 12 2.6905624999999995 4.310499999999999 3.746963541666666
38 12 2.6905624999999995 4.066124999999999 3.687328124999999
39 12 2.6905624999999995 13.283125 5.187083333333333
40 12 2.3286249999999997 9.994749999999998 4.176036458333333
41 12 1.9366249999999998 5.0903125000000005 3.543484375
42 12 1.9366249999999998 4.066124999999999 2.994958333333333
43 12 1.9366249999999998 4.066124999999999 2.715953125
44 12 1.9366249999999998 12.784749999999999 4.123343749999999
45 12 1.9366249999999998 3.191125 2.4563697916666665
46 12 1.5986249999999997 2.7005624999999998 2.3737864583333326
47 12 1.5986249999999997 2.950125 2.3650312499999995
48 12 1.5986249999999997 4.320249999999999 2.5397187499999996
49 13 1.5986249999999997 3.0000624999999994 2.291725961538461
50 14 1.5986249999999997 2.6905624999999995 2.072053571428571
51 14 1.5986249999999997 2.8034999999999997 2.077754464285714
52 14 1.4123749999999997 2.3416249999999996 1.9051160714285713
53 14 1.4123749999999997 2.6085 1.9548571428571424
54 14 1.4123749999999997 2.3286249999999997 1.9131874999999994
55 14 1.4123749999999997 2.286625 1.8904866071428568
56 14 1.4123749999999997 2.8728749999999996 1.957361607142857
57 14 1.4123749999999997 2.4053750000000003 1.9236651785714278
58 14 1.4123749999999997 2.327875 1.9006294642857138
59 15 1.4123749999999997 2.522875 1.8521499999999995
60 15 1.4123749999999997 2.1097499999999996 1.7606749999999998
61 15 1.4123749999999997 2.0641249999999998 1.6948499999999993
62 15 1.4123749999999997 2.051125 1.6088166666666663
63 15 1.4123749999999997 1.8762499999999995 1.5754499999999996
64 16 1.4123749999999997 1.7906875000000002 1.5412851562499998
65 16 1.4123749999999997 1.8217499999999993 1.539515625
66 17 1.4123749999999997 1.8391249999999997 1.5376617647058823
67 17 1.3831249999999997 1.7153749999999999 1.4930147058823529
68 17 1.3831249999999997 1.6518749999999998 1.4611029411764707
69 17 1.3831249999999997 1.5986249999999997 1.4472352941176472
70 17 1.3831249999999997 1.8192499999999996 1.4455441176470587
71 17 1.3831249999999997 1.7611249999999998 1.4311691176470587
72 17 1.3831249999999997 1.8496249999999999 1.436375
73 17 1.3831249999999997 2.497125 1.5176838235294117
74 17 1.3831249999999997 2.147125 1.471705882352941
75 17 1.3831249999999997 1.8498749999999995 1.456316176470588
76 17 1.3831249999999997 1.4717499999999997 1.4141470588235292
77 17 1.3831249999999997 1.4123749999999997 1.4089338235294115
78 17 1.3831249999999997 1.4123749999999997 1.4089338235294115
79 17 1.3831249999999997 1.7511249999999996 1.4356617647058822
80 17 1.3831249999999997 1.4123749999999997 1.4089338235294115
81 17 1.3831249999999997 1.8496249999999999 1.4613823529411762
82 17 1.3831249999999997 1.7511249999999996 1.4471249999999998
83 17 1.3831249999999997 1.5279999999999998 1.4203970588235293
84 18 1.3831249999999997 1.4123749999999997 1.4074999999999998
85 18 1.3831249999999997 1.7598749999999999 1.4268055555555554
86 18 1.1279999999999997 1.7673749999999997 1.4151388888888887
87 18 1.1279999999999997 1.7548749999999995 1.3949305555555553
88 18 1.1279999999999997 1.4123749999999997 1.3601041666666667
89 19 1.1279999999999997 2.7198750000000005 1.431671052631579
90 19 1.1279999999999997 2.7198750000000005 1.498207236842105
91 19 1.1279999999999997 1.4123749999999997 1.3597763157894736
92 19 1.1279999999999997 1.7511249999999996 1.3821513157894736
93 20 1.1217499999999998 1.7623749999999998 1.3536562499999998
94 20 1.1217499999999998 2.7198750000000005 1.4010062499999998
95 20 1.1217499999999998 1.7623749999999998 1.3585999999999998
96 20 1.1217499999999998 1.4425 1.3080749999999999
97 21 1.1217499999999998 1.7511249999999996 1.3382142857142854
98 21 1.1217499999999998 1.5167499999999996 1.2998690476190473
99 21 1.1217499999999998 1.4123749999999997 1.2906785714285713


*******************************************************************************************
Iteracion NumIndividuos MejorFitness MejorGenotipo PeorFitness PeorGenotipo MediaFitness 
2017_02_28_19_59_32

00 10 6.5825000000000005 14.741 10.780725
01 10 6.5825000000000005 13.626249999999999 10.599974999999999
02 10 6.5825000000000005 24.3263125 10.85505625
03 10 6.5825000000000005 12.075999999999999 9.6575
04 10 6.5825000000000005 11.359249999999998 8.516375
05 10 6.5825000000000005 11.059999999999999 8.0387
06 10 4.5555 9.30625 7.089575000000002
07 10 4.5555 8.17275 6.433100000000001
08 10 4.5555 6.780500000000001 6.1499000000000015
09 10 4.09725 6.5825000000000005 6.084275000000001
10 10 3.3711249999999997 6.5825000000000005 5.763137500000001
11 10 3.3711249999999997 6.5825000000000005 5.671487500000001
12 10 3.3711249999999997 6.5825000000000005 5.326837500000001
13 10 3.3711249999999997 6.5825000000000005 5.1772375
14 10 2.9011249999999995 6.36475 4.644675
15 10 2.9011249999999995 6.124250000000001 4.1424875
16 10 2.0534999999999997 4.5555 3.3928874999999996
17 10 2.0534999999999997 4.09725 3.0599125
18 10 2.0534999999999997 3.6179999999999994 2.8937249999999994
19 10 2.0534999999999997 2.9116249999999995 2.7580875
20 10 0.9366249999999999 2.9116249999999995 2.5135874999999994
21 10 0.9366249999999999 2.9116249999999995 2.3510874999999998
22 10 0.9366249999999999 2.9116249999999995 2.18755625
23 10 0.9366249999999999 2.894875 1.9366374999999998
24 11 0.9366249999999999 2.9116249999999995 1.756613636363636
25 11 0.5458749999999999 2.1256874999999997 1.389590909090909
26 11 0.5458749999999999 1.8784999999999998 1.2414431818181817
27 11 0.5458749999999999 2.0074375 1.144715909090909
28 11 0.5458749999999999 1.6716875 0.9964375
29 12 0.5458749999999999 2.0074375 0.9632760416666666
30 13 0.5458749999999999 1.256375 0.8671923076923077
31 13 0.5458749999999999 1.3074375 0.8842596153846155
32 13 0.5458749999999999 1.4188124999999996 0.8830432692307691
33 13 0.5458749999999999 1.5729374999999999 0.8990096153846154
34 13 0.5458749999999999 1.602625 0.9118221153846154
35 13 0.5458749999999999 1.0738124999999998 0.8458317307692307
36 13 0.5458749999999999 1.3471250000000001 0.8905480769230768
37 13 0.5458749999999999 1.2433750000000001 0.9058028846153845
38 13 0.5458749999999999 1.6574375000000001 0.964014423076923
39 13 0.5458749999999999 1.602625 0.9690624999999999
40 13 0.5458749999999999 1.7076250000000002 1.0132355769230768
41 13 0.5458749999999999 1.291375 0.8825480769230769
42 13 0.5458749999999999 1.1603749999999997 0.7894903846153846
43 13 0.5458749999999999 1.6328749999999999 0.8664423076923076
44 13 0.5458749999999999 1.0435625 0.7778365384615386
45 13 0.5458749999999999 1.003375 0.7337596153846153
46 13 0.5458749999999999 1.3111875 0.7918124999999999
47 12 0.5458749999999999 0.8436874999999999 0.693140625
48 13 0.5458749999999999 1.952625 0.8484038461538461
49 13 0.5458749999999999 1.6574375000000001 0.8157163461538463
50 13 0.5458749999999999 0.8205625 0.6792403846153845
51 13 0.5458749999999999 2.3574374999999996 0.8443605769230766
52 13 0.5458749999999999 1.0385624999999998 0.7174278846153845
53 13 0.5458749999999999 1.520875 0.7902884615384613
54 13 0.5458749999999999 1.8624375 0.7589999999999999
55 14 0.5458749999999999 2.3013749999999993 0.7845714285714285
56 14 0.5458749999999999 2.3013749999999993 0.9005223214285711
57 14 0.5458749999999999 2.3013749999999993 0.799861607142857
58 14 0.5458749999999999 0.6780624999999999 0.6686205357142857
59 14 0.5458749999999999 1.04325 0.6947053571428571
60 14 0.5458749999999999 2.3307499999999997 0.7772276785714283
61 15 0.5458749999999999 1.3111875 0.7429666666666664
62 15 0.5458749999999999 0.9635625 0.6937416666666666
63 15 0.5458749999999999 1.06575 0.6862833333333334
64 15 0.5458749999999999 2.6291875 0.8267208333333331
65 15 0.5458749999999999 0.6780624999999999 0.6594249999999999
66 15 0.5458749999999999 0.6780624999999999 0.6584125
67 15 0.5458749999999999 1.0280624999999999 0.7000791666666666
68 15 0.5458749999999999 0.6885625 0.6591124999999999
69 15 0.5458749999999999 1.0243125 0.6814958333333332
70 15 0.5458749999999999 1.8836875000000002 0.7488083333333331
71 15 0.5458749999999999 2.5823125 0.8529666666666663
72 15 0.5458749999999999 1.951375 0.7954874999999998
73 15 0.5458749999999999 1.0280624999999999 0.7127874999999998
74 15 0.5458749999999999 8.246187500000001 1.182995833333333
75 15 0.5458749999999999 8.246187500000001 1.2020374999999999
76 15 0.5458749999999999 0.9202499999999999 0.6706541666666666
77 15 0.5458749999999999 1.2011875 0.6766749999999999
78 15 0.5458749999999999 1.692125 0.7463083333333335
79 15 0.5458749999999999 1.3111875 0.7183166666666666
80 16 0.5458749999999999 1.6574375000000001 0.7510546875
81 16 0.5458749999999999 1.3111875 0.7519453125000001
82 16 0.5458749999999999 1.0688125 0.6762304687499999
83 16 0.5458749999999999 1.3471250000000001 0.6992617187499999
84 16 0.5458749999999999 1.0046249999999999 0.6711171874999998
85 16 0.5458749999999999 0.892125 0.6417890624999998
86 17 0.5458749999999999 2.0179375 0.7786838235294115
87 17 0.5458749999999999 2.2791875 0.8106433823529409
88 17 0.5458749999999999 1.3885625000000001 0.759533088235294
89 17 0.5458749999999999 1.9291875 0.7892647058823528
90 17 0.477125 1.5404375000000001 0.722628676470588


*******************************************************************************************
Iteracion NumIndividuos MejorFitness MejorGenotipo PeorFitness PeorGenotipo MediaFitness 
2017_02_28_20_03_02

00 14 4.84375 18.356 10.905982142857143
01 14 4.703125 18.356 10.821383928571427
02 14 4.703125 15.571 10.049794642857146
03 14 4.703125 14.157 8.6200625
04 14 4.703125 14.0665 8.20685714285714
05 14 4.703125 12.7415 8.022183035714283
06 14 4.703125 12.692874999999997 8.018709821428569
07 14 4.3225 10.650625 7.326330357142856
08 14 4.3225 11.100875 7.35849107142857
09 14 4.3225 9.7705 6.925669642857142
10 14 4.3225 10.368999999999998 6.928897321428571
11 14 4.3225 7.7508750000000015 6.4382142857142854
12 14 3.59125 7.55375 5.976535714285714
13 14 3.59125 12.286 6.585446428571428
14 14 3.59125 9.370812499999998 6.273642857142856
15 14 1.6608749999999999 7.55375 5.309325892857143
16 14 1.6608749999999999 7.18375 4.563834821428572
17 14 1.6608749999999999 7.822187500000001 4.6352633928571425
18 14 1.6608749999999999 11.474500000000003 5.054017857142857
19 14 1.6608749999999999 7.447749999999999 4.416696428571429
20 14 1.6608749999999999 8.804749999999999 4.513625
21 14 1.6608749999999999 5.737499999999998 3.8066205357142864
22 14 1.6608749999999999 5.313 3.492160714285714
23 14 0.8636874999999999 4.3225 2.9672901785714285
24 15 0.8636874999999999 4.015625 2.583220833333333
25 16 0.8499374999999999 3.59125 2.267875
26 16 0.8499374999999999 3.3706250000000004 2.1569218749999997
27 16 0.8499374999999999 3.2410624999999995 2.0050624999999997
28 16 0.8499374999999999 2.6758749999999996 1.77760546875
29 16 0.8499374999999999 2.43325 1.64796875
30 16 0.8499374999999999 2.2181874999999995 1.6327656249999998
31 16 0.8499374999999999 2.092625 1.4625781249999998
32 16 0.8499374999999999 1.9016874999999998 1.3816171874999998
33 16 0.8499374999999999 1.7258749999999998 1.3494023437499998
34 17 0.8499374999999999 2.1858749999999993 1.372625
35 18 0.8499374999999999 1.6608749999999999 1.3287986111111112
36 18 0.8499374999999999 1.7851249999999992 1.3333159722222223
37 18 0.8499374999999999 1.9134374999999992 1.3024583333333333
38 19 0.8499374999999999 1.6446875 1.245588815789474
39 19 0.8499374999999999 1.5734374999999996 1.241220394736842
40 19 0.8499374999999999 1.9054374999999992 1.2043519736842108
41 19 0.8499374999999999 1.5516874999999997 1.1317861842105266
42 19 0.8499374999999999 1.8617499999999996 1.096575657894737
43 19 0.8499374999999999 1.5896874999999995 1.1093717105263157
44 19 0.8499374999999999 1.7813749999999993 1.0951677631578947
45 20 0.8499374999999999 1.2841875 1.036584375
46 20 0.7358750000000001 1.5734374999999996 1.02548125
47 20 0.7358750000000001 1.2104374999999998 0.9730187499999999
48 20 0.7358750000000001 1.4363749999999995 0.95573125
49 20 0.7358750000000001 1.6934374999999997 0.997959375
50 20 0.7358750000000001 1.9116874999999993 0.9923718750000001
51 20 0.7358750000000001 1.3387499999999997 0.9530999999999998
52 20 0.7358750000000001 1.2011874999999999 0.931559375
53 20 0.7358750000000001 1.3329374999999999 0.9429593749999998
54 20 0.7358750000000001 1.3404375 0.9466468749999999
55 20 0.7358750000000001 0.9979374999999999 0.9055312499999998
56 20 0.7358750000000001 1.9783749999999998 0.9543281249999997
57 21 0.7358750000000001 1.1545 0.9098124999999998
58 21 0.7358750000000001 1.2841875 0.9315595238095237
59 21 0.7358750000000001 1.6929999999999992 0.945720238095238
60 21 0.7358750000000001 0.9979374999999999 0.9133363095238094
61 21 0.7358750000000001 1.2963749999999998 0.9275476190476188
62 21 0.7358750000000001 1.2658749999999999 0.9260952380952381
63 21 0.7358750000000001 1.6329375000000002 0.9494077380952382
64 21 0.7358750000000001 1.3329374999999999 0.9618482142857142
65 21 0.7358750000000001 1.1986875 0.9299434523809524
66 21 0.7358750000000001 1.3329374999999999 0.9421696428571428
67 21 0.5521875 1.5563749999999996 0.9363214285714285
68 21 0.5521875 1.3124374999999997 0.9247053571428571
69 21 0.5521875 1.3416875 0.9580029761904763
70 21 0.5521875 1.3329374999999999 0.9503571428571428
71 21 0.5521875 1.5716874999999997 0.9523720238095239
72 21 0.5521875 2.0391874999999993 0.9765386904761906
73 21 0.5521875 1.2269999999999996 0.9205773809523812
74 21 0.5521875 1.3871249999999997 0.9166309523809524
75 21 0.5521875 1.7034374999999997 0.9483601190476191
76 21 0.5521875 1.3174374999999998 0.9152410714285715
77 21 0.5521875 1.521375 0.9241398809523809
78 21 0.5521875 1.6934374999999997 0.9489404761904762
79 21 0.5521875 1.2188749999999997 0.9252470238095237
80 21 0.5521875 1.5621874999999994 0.9497946428571427
81 21 0.5521875 1.3826249999999998 0.9223214285714285
82 21 0.5521875 1.1958749999999998 0.8909047619047619
83 21 0.5521875 0.9811875 0.8794672619047619
84 21 0.5521875 1.4454375 0.9239434523809523
85 21 0.5521875 1.2171874999999999 0.9237886904761904
86 21 0.5521875 1.0833749999999998 0.8903244047619048
87 21 0.5521875 1.2061875 0.8796607142857142
88 21 0.5521875 1.3161874999999998 0.9061785714285714
89 21 0.5521875 1.1958749999999998 0.8826696428571429
90 21 0.5521875 1.2036874999999998 0.8818273809523808
91 21 0.5521875 1.3329374999999999 0.9016607142857141
92 21 0.5521875 1.4454375 0.9026964285714287
93 21 0.5521875 0.9724375 0.8642202380952381
94 21 0.5521875 1.1986874999999997 0.8775416666666664
95 21 0.5521875 1.2171874999999996 0.8901488095238095
96 21 0.5186875 1.2011874999999999 0.8520892857142857
97 21 0.5186875 1.4221249999999996 0.8625654761904762
98 22 0.5186875 0.9724375 0.8109630681818182
99 22 0.5186875 1.2951875 0.8367926136363638


*******************************************************************************************
Iteracion NumIndividuos MejorFitness MejorGenotipo PeorFitness PeorGenotipo MediaFitness 
2017_02_28_20_06_03

00 11 6.32375 13.534999999999998 9.960249999999998
01 11 6.32375 12.400500000000001 9.75922159090909
02 11 3.3205 14.587250000000001 9.73416477272727
03 11 3.3205 11.0 8.386232954545452
04 11 3.3205 10.981187499999999 7.91378977272727
05 11 3.3205 10.199499999999999 7.304386363636363
06 11 3.3205 8.691 6.7064545454545454
07 11 3.3205 19.038187499999996 8.152159090909091
08 11 2.8615625000000007 8.390062499999999 5.689624999999999
09 11 2.8615625000000007 10.3958125 5.871965909090909
10 11 2.8615625000000007 10.583625 6.068863636363636
11 11 2.8615625000000007 9.4091875 5.684357954545454
12 11 2.135875 7.106187500000002 4.660215909090908
13 11 2.0391874999999997 6.3549999999999995 4.220852272727273
14 12 2.0391874999999997 6.19875 3.5542760416666663
15 12 2.0391874999999997 4.6373125 3.0872499999999996
16 12 2.0391874999999997 3.584625 2.9382916666666667
17 12 2.0391874999999997 5.036749999999999 3.0029687499999995
18 12 2.0391874999999997 4.287624999999999 2.8091458333333335
19 13 2.0391874999999997 3.2137500000000006 2.656269230769231
20 13 2.0391874999999997 3.2173125 2.672927884615384
21 13 1.9265624999999995 3.2137499999999997 2.5677499999999993
22 13 1.9265624999999995 2.8653125000000004 2.453504807692308
23 13 1.6791249999999998 2.7509375000000005 2.3592836538461537
24 13 1.6791249999999998 3.0645625000000005 2.3848798076923075
25 13 1.6791249999999998 2.8832499999999994 2.290923076923077
26 14 1.6791249999999998 2.6305000000000005 2.1120982142857136
27 15 1.3150624999999998 3.1182499999999997 2.0538499999999993
28 15 1.3150624999999998 3.965625 2.1925499999999993
29 15 1.3150624999999998 2.3996875000000006 2.027308333333333
30 15 1.3150624999999998 2.7216875 1.9491624999999997
31 15 1.3150624999999998 2.369125 1.9256583333333332
32 15 1.3150624999999998 2.7517499999999995 1.9662083333333331
33 15 1.3150624999999998 2.59475 1.8713666666666664
34 15 1.3150624999999998 2.3100625 1.8343249999999995
35 15 1.3150624999999998 2.7746874999999998 1.851383333333333
36 15 1.3150624999999998 2.0470624999999996 1.7980041666666662
37 15 1.3150624999999998 2.2900625 1.8532666666666664
38 15 1.3134999999999997 2.59475 1.8250583333333332
39 15 1.3134999999999997 2.039625 1.6748583333333331
40 16 1.3134999999999997 2.039125 1.57734765625
41 16 1.3134999999999997 2.6600624999999996 1.629109375
42 17 1.3134999999999997 1.9271249999999998 1.5104963235294118
43 17 1.3134999999999997 1.8235624999999995 1.4827720588235296
44 17 1.2948749999999998 2.04775 1.4727389705882354
45 17 1.2948749999999998 1.6791249999999998 1.4324816176470587
46 17 1.2948749999999998 1.8903749999999997 1.4178713235294116
47 17 1.2948749999999998 2.0441875 1.447297794117647
48 17 1.2948749999999998 2.043375 1.426191176470588
49 17 1.2948749999999998 1.6007499999999997 1.3922904411764707
50 17 1.2948749999999998 1.6886875 1.4017389705882353
51 17 1.2948749999999998 2.0470624999999996 1.443610294117647
52 17 1.2948749999999998 1.9457499999999999 1.4382389705882355
53 17 1.2948749999999998 1.6622499999999998 1.4335
54 17 1.2948749999999998 2.0620625 1.454360294117647
55 17 1.2948749999999998 2.0620625 1.4561470588235295
56 17 1.2948749999999998 2.039125 1.4559191176470587
57 17 1.2948749999999998 1.6050625 1.3921691176470588
58 17 1.2948749999999998 1.756875 1.4273897058823528
59 17 1.2948749999999998 1.89275 1.4279191176470587
60 17 1.2948749999999998 1.767375 1.4444411764705882
61 17 1.2948749999999998 1.9926249999999999 1.4931764705882353
62 17 1.2948749999999998 1.9293125000000002 1.48525
63 17 1.2948749999999998 1.767375 1.4673051470588234
64 17 1.2948749999999998 2.3903125000000003 1.520191176470588
65 17 1.2948749999999998 1.689625 1.4613639705882353
66 17 1.2948749999999998 1.9381875 1.496224264705882
67 17 1.2295624999999997 1.6786875 1.4125772058823527
68 17 1.2295624999999997 1.9381875 1.4298823529411764
69 17 1.2295624999999997 1.6123749999999997 1.3873419117647057
70 17 1.2295624999999997 1.6344374999999998 1.388639705882353
71 17 1.2295624999999997 1.9768750000000002 1.4293713235294119
72 18 1.2295624999999997 1.6650625 1.3998263888888889
73 18 1.2295624999999997 1.61175 1.3816666666666666
74 18 1.2295624999999997 2.044625 1.43025
75 18 1.2295624999999997 2.2403750000000002 1.4468159722222222
76 18 1.2295624999999997 2.243625 1.4685729166666666
77 18 1.2295624999999997 2.0620625 1.4377604166666669
78 18 1.2295624999999997 2.0620625 1.469295138888889
79 18 1.2295624999999997 2.0620625 1.4504861111111111
80 18 1.2295624999999997 2.2185 1.4468472222222222
81 18 1.2295624999999997 1.5979999999999999 1.412375
82 18 1.2295624999999997 1.5881875 1.3792395833333333
83 18 1.2295624999999997 2.0136249999999998 1.42140625
84 18 1.2295624999999997 1.6072499999999998 1.3628819444444444
85 18 1.2295624999999997 1.6322499999999998 1.361597222222222
86 18 1.2295624999999997 1.5342499999999997 1.32640625
87 18 1.2295624999999997 1.6322499999999998 1.331267361111111
88 18 1.2295624999999997 1.3861249999999998 1.30015625
89 19 1.2295624999999997 2.0620625 1.3635361842105262
90 19 1.2295624999999997 1.5693749999999997 1.306921052631579
91 20 1.2295624999999997 1.8724999999999998 1.3555437499999998
92 20 1.2295624999999997 3.1350625 1.4410218750000001
93 20 1.2295624999999997 1.6448749999999999 1.3441625000000001
94 20 1.2295624999999997 2.7250625000000004 1.4517031250000003
95 20 1.2295624999999997 1.6448749999999999 1.375671875
96 20 1.2295624999999997 1.9772499999999997 1.376696875
97 20 1.2295624999999997 1.6448749999999999 1.3775156250000002
98 20 1.2295624999999997 1.643625 1.3563156250000001
99 20 1.2295624999999997 1.5979999999999999 1.3337781249999998


*******************************************************************************************
Iteracion NumIndividuos MejorFitness MejorGenotipo PeorFitness PeorGenotipo MediaFitness 
2017_02_28_20_15_22

00 12 4.1937500000000005 14.8265 9.66205208333333
01 12 4.1937500000000005 14.6115 9.191218749999999
02 12 4.1937500000000005 18.331250000000004 9.733255208333333
03 12 4.1937500000000005 11.326249999999998 8.294104166666665
04 12 4.1937500000000005 10.483937500000001 7.496479166666666
05 12 4.1937500000000005 13.9753125 7.9881093750000005
06 12 3.51625 9.463 6.3605833333333335
07 12 3.51625 9.007125000000002 5.535416666666667
08 12 3.4380625 7.025687499999999 5.040880208333333
09 12 3.4380625 6.45175 4.707843749999999
10 12 3.399437499999999 8.100249999999999 4.660880208333333
11 12 3.399437499999999 10.647499999999999 5.186869791666667
12 12 3.06075 5.1066875 4.0468906250000005
13 12 3.06075 4.558249999999999 3.89859375
14 12 2.3670624999999994 5.317749999999999 3.790171874999999
15 12 2.3670624999999994 16.444125 5.055541666666666
16 12 2.3670624999999994 4.759499999999999 3.587145833333334
17 12 2.3670624999999994 15.8175625 5.121421875
18 12 2.3350625 4.1937500000000005 3.3491354166666665
19 12 1.5223749999999996 4.123375 2.948161458333333
20 12 1.5223749999999996 3.744437499999999 2.6973541666666665
21 12 1.5223749999999996 9.384374999999999 3.167348958333333
22 12 1.5223749999999996 3.4380625 2.542223958333333
23 12 1.5223749999999996 3.42125 2.26484375
24 12 1.5223749999999996 2.7203124999999995 2.1082760416666657
25 12 1.5223749999999996 13.894687500000002 3.5057187499999998
26 12 1.5223749999999996 2.6850624999999995 1.9635468749999998
27 13 1.5223749999999996 2.3753124999999997 1.7791249999999994
28 14 1.5223749999999996 2.0253124999999996 1.6752991071428567
29 15 1.5223749999999996 2.0169374999999996 1.6226374999999997
30 16 1.5223749999999996 1.8828749999999996 1.6079921874999996
31 17 1.5223749999999996 1.8828749999999996 1.6235441176470584
32 18 1.5223749999999996 1.8723749999999997 1.5778680555555553
33 19 1.5223749999999996 1.8723749999999997 1.5565263157894735
34 20 1.5223749999999996 1.8828749999999996 1.5404
35 21 1.5223749999999996 2.232875 1.5562083333333332
36 21 1.5223749999999996 1.5223749999999996 1.522375
37 22 1.5223749999999996 1.7973749999999997 1.5348750000000002
38 23 1.5223749999999996 1.5375624999999997 1.5230353260869565
39 24 1.5223749999999996 1.8828749999999996 1.537395833333333
40 24 1.5223749999999996 2.6203749999999997 1.5992916666666666
41 25 1.5223749999999996 1.5475625 1.5233824999999996
42 26 1.5223749999999996 1.7973749999999997 1.5329519230769226
43 27 1.5223749999999996 1.5223749999999996 1.5223749999999994
44 28 1.5223749999999996 2.2291250000000002 1.547616071428571
45 28 1.5068749999999997 1.5475625 1.5227209821428562
46 28 1.3973749999999996 1.5223749999999996 1.5166093749999994
47 28 1.3973749999999996 1.8723749999999997 1.5412366071428563
48 28 1.3973749999999996 1.8723749999999997 1.5535736607142852
49 28 1.3973749999999996 1.8975625 1.554294642857142
50 28 1.3973749999999996 1.8828749999999996 1.5514486607142852
51 28 1.3973749999999996 1.8723749999999997 1.5344665178571422
52 28 1.3973749999999996 1.5223749999999996 1.5111004464285707
53 28 1.3973749999999996 1.8723749999999997 1.5191361607142848
54 28 1.3973749999999996 2.232875 1.5637968749999993
55 29 1.3973749999999996 1.8623749999999994 1.510282327586206
56 29 1.3973749999999996 1.8723749999999997 1.5106271551724129
57 30 1.3973749999999996 1.5223749999999996 1.4951854166666656
58 30 1.3973749999999996 2.2550624999999997 1.5391249999999987
59 31 1.3973749999999996 1.8773749999999996 1.530514112903225
60 31 1.3973749999999996 2.587875 1.5648850806451602
61 31 1.3973749999999996 1.8723749999999997 1.5406350806451603
62 31 1.1446875 1.8673749999999998 1.5159919354838698
63 31 1.1446875 1.8589374999999997 1.4925826612903217
64 32 1.1446875 1.7436249999999998 1.470132812499999
65 32 1.1446875 1.7553749999999995 1.472433593749999
66 32 1.1446875 1.7511249999999996 1.465386718749999
67 32 1.1446875 1.7331249999999998 1.459843749999999
68 32 1.1446875 9.172062500000003 1.9304941406249987
69 32 1.047375 1.5223749999999996 1.4423203124999993
70 32 1.047375 1.5223749999999996 1.4187148437499992
71 32 1.047375 1.5223749999999996 1.4183867187499992
72 32 1.047375 2.2345625 1.4507558593749992
73 32 1.047375 9.184875000000002 1.8959296874999987
74 32 1.047375 2.2908749999999993 1.4113515624999993
75 32 1.047375 1.8828749999999996 1.3907890624999995
76 32 1.047375 9.184875000000002 1.8473593749999992
77 32 1.0225 2.490249999999999 1.4209511718749992
78 32 1.0225 1.8773749999999996 1.3820273437499992
79 32 1.0225 1.7797499999999997 1.3762949218749994
80 32 1.0225 2.03175 1.4000878906249992
81 32 1.0225 1.7004999999999997 1.3695605468749992
82 32 1.0225 1.8673749999999998 1.3765683593749993
83 32 1.0225 1.5223749999999996 1.3355019531249994
84 32 1.0225 2.10675 1.3643730468749993
85 31 1.0225 1.5223749999999996 1.3319012096774188
86 31 1.0225 1.7778749999999999 1.3198084677419353
87 31 1.0225 1.7004999999999997 1.3051290322580644
88 31 1.0225 1.4931249999999996 1.2857379032258065
89 31 1.0225 1.5223749999999996 1.2879637096774195
90 31 0.7525 1.4939374999999997 1.2509455645161291
91 31 0.7525 1.4787499999999998 1.240381048387097
92 31 0.7525 1.3973749999999996 1.2192217741935485
93 31 0.7525 1.3973749999999996 1.218227822580645
94 31 0.7525 2.0723749999999996 1.2730262096774194
95 31 0.7525 1.7215624999999997 1.2398951612903226
96 31 0.7525 1.813 1.2468770161290323
97 31 0.7525 1.7566249999999994 1.2247237903225807
98 32 0.7525 1.3973749999999996 1.193412109375
99 32 0.7525 1.8489374999999997 1.2131874999999999


*******************************************************************************************
Iteracion NumIndividuos MejorFitness MejorGenotipo PeorFitness PeorGenotipo MediaFitness 
2017_02_28_20_49_33

00 10 16.8475 18.366500000000002 17.679450000000003
01 10 16.8475 18.366500000000002 17.646375000000003
02 10 16.8475 18.366500000000002 17.611875000000005
03 10 16.586750000000002 24.323 18.172525000000004
04 10 16.586750000000002 24.323 18.139325000000007
05 10 16.586750000000002 24.323 18.139325000000007
06 10 16.586750000000002 24.323 18.139325000000007
07 10 16.586750000000002 24.323 18.105075000000006
08 10 16.586750000000002 24.323 18.105075000000006
09 10 16.586750000000002 24.323 18.106075000000004
10 10 16.586750000000002 24.673000000000002 18.141075000000004
11 10 16.586750000000002 24.673000000000002 18.072875000000003
12 10 16.586750000000002 24.673000000000002 17.969675000000002
13 10 16.586750000000002 24.673000000000002 17.969675000000002
14 10 16.1155 24.673000000000002 17.922550000000005
15 10 16.1155 24.673000000000002 17.922550000000005
16 10 16.1155 24.673000000000002 17.922550000000005
17 10 16.1155 24.673000000000002 17.888600000000004
18 10 16.1155 17.990000000000002 16.8109
19 10 16.1155 17.990000000000002 16.8109
20 10 16.1155 17.990000000000002 16.763775000000003
21 10 16.1155 17.990000000000002 16.763775000000003
22 11 16.1155 17.990000000000002 16.73665909090909
23 11 15.765500000000001 16.95775 16.413113636363637
24 10 15.765500000000001 16.95775 16.442875
25 10 15.765500000000001 16.9175 16.408925
26 10 15.765500000000001 16.9175 16.374975
27 09 15.765500000000001 16.857499999999998 16.257666666666665
28 09 15.765500000000001 16.8155 16.064666666666668
29 09 15.765500000000001 16.465500000000002 15.959944444444444
30 09 15.765500000000001 16.126 15.922222222222224
31 08 15.765500000000001 16.1155 15.853
32 10 15.765500000000001 17.309500000000003 15.919900000000002
33 10 15.426000000000002 15.765500000000001 15.731550000000002
34 10 15.426000000000002 15.765500000000001 15.730500000000001
35 10 15.426000000000002 15.776000000000002 15.731550000000002
36 10 15.415500000000002 15.776000000000002 15.662600000000003
37 10 15.415500000000002 16.126 15.767600000000002
38 10 15.415500000000002 16.1365 15.699700000000002
39 10 15.415500000000002 16.126 15.5947
40 10 15.415500000000002 15.765500000000001 15.522600000000002
41 11 15.415500000000002 15.765500000000001 15.449227272727274
42 11 15.415500000000002 15.776000000000002 15.44827272727273
43 12 15.415500000000002 15.415500000000002 15.415500000000007
44 13 15.415500000000002 15.415500000000002 15.415500000000007
45 14 15.415500000000002 16.1155 15.491250000000006
46 14 15.076000000000002 15.776000000000002 15.442000000000005
47 14 15.076000000000002 15.765500000000001 15.417000000000005
48 14 15.076000000000002 16.476000000000003 15.519250000000003
49 14 15.076000000000002 15.426000000000002 15.392000000000005
50 14 15.065500000000002 15.776000000000002 15.392000000000007
51 14 15.065500000000002 16.8365 15.467750000000006
52 14 15.065500000000002 15.776000000000002 15.392750000000005
53 14 15.065500000000002 15.426000000000002 15.367000000000004
54 14 15.065500000000002 16.476000000000003 15.468500000000006
55 14 15.065500000000002 15.415500000000002 15.317000000000004
56 14 15.065500000000002 15.415500000000002 15.317000000000004
57 14 15.065500000000002 15.765500000000001 15.342000000000004
58 13 15.065500000000002 15.415500000000002 15.309423076923082
59 12 15.065500000000002 15.415500000000002 15.300583333333337
60 12 15.065500000000002 15.765500000000001 15.329750000000004
61 12 15.065500000000002 15.765500000000001 15.331500000000004
62 11 15.065500000000002 15.765500000000001 15.323863636363638
63 11 15.065500000000002 16.497000000000003 15.454000000000006
64 10 15.065500000000002 16.847 15.528900000000002
65 10 15.065500000000002 15.426000000000002 15.243650000000002
66 10 15.065500000000002 15.415500000000002 15.172600000000003
67 10 15.055000000000001 15.415500000000002 15.136550000000005
68 10 15.055000000000001 15.765500000000001 15.207600000000005
69 10 15.055000000000001 15.765500000000001 15.276550000000004
70 10 15.055000000000001 15.776000000000002 15.277600000000003
71 10 15.055000000000001 15.415500000000002 15.136550000000005
72 10 15.055000000000001 15.086500000000001 15.064450000000004
73 10 15.055000000000001 15.065500000000002 15.060250000000005
74 10 15.055000000000001 15.065500000000002 15.060250000000005
75 10 15.055000000000001 15.065500000000002 15.058150000000003
76 11 15.055000000000001 15.405000000000001 15.088727272727278
77 12 15.055000000000001 15.405000000000001 15.086791666666672
78 12 15.055000000000001 15.765500000000001 15.11683333333334
79 13 15.055000000000001 15.415500000000002 15.085961538461545
80 14 15.055000000000001 15.405000000000001 15.082250000000005
81 14 15.055000000000001 15.415500000000002 15.106500000000006
82 15 15.055000000000001 15.755 15.149733333333337
83 16 15.055000000000001 15.765500000000001 15.187562500000004
84 17 15.055000000000001 15.415500000000002 15.118000000000006
85 18 15.055000000000001 15.765500000000001 15.13452777777778
86 18 15.055000000000001 15.765500000000001 15.153388888888893
87 19 15.055000000000001 15.755 15.110815789473687
88 19 15.055000000000001 15.065500000000002 15.055552631578953
89 20 15.055000000000001 15.055000000000001 15.055000000000003
90 21 15.055000000000001 15.765500000000001 15.105500000000003
91 22 15.055000000000001 15.765500000000001 15.10368181818182
92 23 15.055000000000001 15.405000000000001 15.08589130434783
93 24 15.055000000000001 15.415500000000002 15.100062500000005
94 24 15.055000000000001 15.415500000000002 15.08504166666667
95 24 15.055000000000001 15.765500000000001 15.099625000000003
96 25 15.055000000000001 15.065500000000002 15.055420000000003
97 25 15.055000000000001 15.065500000000002 15.055420000000003
98 26 15.055000000000001 15.755 15.09538461538462
99 26 15.055000000000001 15.405000000000001 15.068461538461541