*******************************************************************************************
Iteracion NumIndividuos MejorFitness MejorGenotipo PeorFitness PeorGenotipo MediaFitness 
2017_03_07_18_53_37

00 10 4.745499999999999 15.136125 10.51246875
01 10 4.745499999999999 15.136125 10.51246875
02 10 4.745499999999999 13.625375000000002 8.91549375
03 10 4.745499999999999 10.499687499999999 8.1644
04 10 4.745499999999999 9.574125 7.510925
05 10 4.745499999999999 9.514125000000002 7.462350000000001
06 10 4.745499999999999 10.48225 7.416662499999999
07 10 4.745499999999999 7.974999999999999 6.826400000000001
08 10 4.745499999999999 6.834 6.6251500000000005
09 10 4.745499999999999 6.834 6.6251500000000005
10 10 4.745499999999999 6.834 6.6251500000000005
11 10 4.745499999999999 6.834 6.6251500000000005
12 10 4.745499999999999 6.834 6.6251500000000005
13 10 3.3101874999999996 6.834 6.27276875
14 10 3.3101874999999996 6.834 5.9203874999999995
15 10 3.3101874999999996 9.956562500000002 6.498693750000001
16 10 3.3101874999999996 6.834 5.568006250000001
17 10 3.3101874999999996 6.834 5.215625
18 10 3.3101874999999996 6.834 4.86324375
19 10 3.3101874999999996 6.834 4.510862499999999
20 10 3.3101874999999996 7.552874999999998 4.643412499999998
21 10 3.3101874999999996 6.834 3.8060999999999994
22 10 3.3101874999999996 3.3101874999999996 3.3101874999999987
23 10 3.3101874999999996 3.3101874999999996 3.3101874999999987
24 10 3.3101874999999996 3.3101874999999996 3.3101874999999987
25 10 3.3101874999999996 3.3101874999999996 3.3101874999999987
26 10 3.3101874999999996 3.3101874999999996 3.3101874999999987
27 10 3.3101874999999996 3.3101874999999996 3.3101874999999987
28 10 3.3101874999999996 3.3101874999999996 3.3101874999999987
29 10 3.3101874999999996 3.3101874999999996 3.3101874999999987
30 10 3.3101874999999996 3.3101874999999996 3.3101874999999987
31 10 3.3101874999999996 3.3101874999999996 3.3101874999999987
32 10 3.3101874999999996 3.3101874999999996 3.3101874999999987
33 10 3.3101874999999996 3.3101874999999996 3.3101874999999987
34 10 3.3101874999999996 3.3101874999999996 3.3101874999999987
35 10 3.3101874999999996 3.3101874999999996 3.3101874999999987
36 11 3.3101874999999996 3.6501875 3.3410965909090895
37 11 3.3101874999999996 3.3101874999999996 3.3101874999999983
38 11 3.3101874999999996 3.3101874999999996 3.3101874999999983
39 11 3.3101874999999996 3.3101874999999996 3.3101874999999983
40 11 3.3101874999999996 3.3101874999999996 3.3101874999999983
41 11 3.3101874999999996 3.3101874999999996 3.3101874999999983
42 11 3.3101874999999996 3.3101874999999996 3.3101874999999983
43 11 3.3101874999999996 3.3101874999999996 3.3101874999999983
44 11 3.3101874999999996 3.3101874999999996 3.3101874999999983
45 11 3.3101874999999996 3.3101874999999996 3.3101874999999983
46 11 3.3101874999999996 3.3101874999999996 3.3101874999999983
47 11 2.7472499999999997 3.3101874999999996 3.2590113636363625
48 11 2.7472499999999997 3.3101874999999996 3.2590113636363625
49 11 2.7472499999999997 3.3101874999999996 3.2590113636363625
50 11 2.7472499999999997 3.3101874999999996 3.2590113636363625
51 11 2.7472499999999997 3.3101874999999996 3.2590113636363625
52 12 2.7472499999999997 3.6501875 3.2751145833333326
53 12 2.7472499999999997 3.3101874999999996 3.230286458333333
54 12 2.7472499999999997 3.3101874999999996 3.1972968749999993
55 12 2.7472499999999997 3.3101874999999996 3.1067031249999992
56 12 2.7472499999999997 3.3101874999999996 3.016109374999999
57 12 2.7472499999999997 3.3101874999999996 2.9255156250000005
58 12 2.7472499999999997 3.1122499999999995 2.8802187499999996
59 12 2.7434999999999996 4.0497499999999995 2.927614583333334
60 12 2.7434999999999996 3.6751875 2.865984375
61 12 2.7434999999999996 2.766625 2.7595416666666672
62 12 2.7434999999999996 2.766625 2.757614583333334
63 12 2.7434999999999996 3.6897499999999996 2.8326145833333336
64 12 2.7434999999999996 3.1122499999999995 2.7825625000000005
65 12 2.7434999999999996 3.1122499999999995 2.780947916666667
66 12 2.7434999999999996 2.766625 2.75021875