
*******************************************************************************************
Iteracion NumIndividuos MejorFitness MejorGenotipo PeorFitness PeorGenotipo MediaFitness 
2017_02_17_20_35_57 -> MEJOR EVOLUCION POR EL MOMENTO 28/02/28/28/10/02/02

Salgo en la iteracion: 100
Motivo: 2
Mutaciones hechas: 24
Mejor individuo de la poblacion
+---+---+---+---+---+---+---+---+---+---+
| * | * |   | * | * |   |   |   |   | * |
+---+---+---+---+---+---+---+---+---+---+
| * | * |   |   |   |   |   |   |   |   |
+---+---+---+---+---+---+---+---+---+---+
| * | * |   | * |   |   | * |   |   | L |
+---+---+---+---+---+---+---+---+---+---+
|   | * | * |   |   | * | * |   | * |   |
+---+---+---+---+---+---+---+---+---+---+
| * |   | * |   | * |   | * | * |   |   |
+---+---+---+---+---+---+---+---+---+---+
| G |   |   |   |   |   |   |   |   |   |
+---+---+---+---+---+---+---+---+---+---+
|   |   |   |   | * | * |   |   |   |   |
+---+---+---+---+---+---+---+---+---+---+
| * | C |   |   |   |   |   |   | * |   |
+---+---+---+---+---+---+---+---+---+---+
|   | * | * |   | * | * | G | M | S |   |
+---+---+---+---+---+---+---+---+---+---+
|   | P |   | G | C |   |   |   |   | M |
+---+---+---+---+---+---+---+---+---+---+
 
-------------
Numero de monstruos     : 6
Numero de tesoros       : 4
Numero de celdas Pared  : 29
Numero de celdas Libres : 61
-------------
 
-------------
Tipo puertas: 
Puerta Norte 0 6: ENTRADA_SALIDA 
 
Puerta Este  8 9: SALIDA 
 
Puerta Oeste 9 0: SALIDA 
 
Puerta Sur   9 3: SALIDA 
 
-------------
 
Fitness: 0.035
-----------------------
Numero de monstruos esperados             : 6
Numero de tesoros esperados               : 4
Numero de monstruos recorrido esperados   : 1.0
Numero de tesoros recorrido esperados     : 1.0
Area Segura monstruo esperada             : 5.0
Area Segura tesoro esperada               : 8.0
Seguridad tesoro esperada                 : 4.0
Numero de celdas Pared esperadas          : 30
Numero de celdas Libres esperadas         : 60
________________________________________________________________________

00 12 1.3675000000000002 9.519999999999998 5.5495833333333335
01 12 1.3675000000000002 8.937499999999998 5.238125
02 12 1.3675000000000002 11.78 5.4750000000000005
03 12 1.3675000000000002 11.78 5.2664583333333335
04 12 1.3675000000000002 7.0 4.5625
05 12 1.3675000000000002 7.8025 4.6293750000000005
06 12 1.3675000000000002 13.900625000000002 5.275260416666667
07 12 1.255 8.674999999999999 4.830416666666667
08 12 1.255 7.340000000000002 4.593541666666667
09 12 1.255 7.385000000000002 4.597291666666667
10 12 1.255 6.99 4.3393749999999995
11 12 1.255 6.99 4.3393749999999995
12 12 1.255 6.675 3.9322916666666665
13 12 1.255 6.675 3.9322916666666665
14 12 1.255 5.807500000000001 3.811666666666666
15 12 1.255 5.807500000000001 3.811666666666666
16 12 1.255 5.807500000000001 3.811666666666666
17 12 1.255 5.807500000000001 3.7556249999999998
18 12 1.255 5.782500000000001 3.61
19 12 1.255 11.230000000000002 4.272083333333334
20 12 1.255 11.230000000000002 4.272083333333334
21 12 1.255 11.230000000000002 4.272083333333334
22 12 1.255 8.639999999999997 3.8710416666666667
23 12 1.255 8.639999999999997 3.8710416666666667
24 12 1.255 7.415000000000002 3.7902083333333336
25 12 1.255 6.6725 3.459166666666667
26 12 1.255 6.6725 3.459166666666667
27 12 1.06 4.93 3.014791666666666
28 12 1.06 4.569999999999999 2.8387499999999997
29 12 1.06 5.067500000000001 2.8802083333333335
30 12 1.06 5.067500000000001 2.8802083333333335
31 12 1.06 6.5975 3.0077083333333334
32 12 1.06 4.060000000000001 2.6960416666666664
33 12 1.06 4.060000000000001 2.6960416666666664
34 12 1.01 3.6099999999999994 2.441875
35 12 1.01 12.061874999999999 3.146197916666667
36 12 1.01 4.717500000000001 2.534166666666667
37 12 1.01 3.605 2.233125
38 12 1.01 13.4475 3.0533333333333332
39 12 1.01 3.4425000000000003 2.042291666666667
40 12 1.01 3.4425000000000003 2.042291666666667
41 12 1.01 3.4425000000000003 2.042291666666667
42 12 1.01 3.3325 1.8550000000000002
43 12 1.01 6.035 2.0802083333333337
44 12 1.01 6.035 2.1035416666666666
45 12 1.01 6.035 2.126875
46 12 1.01 6.035 2.1502083333333335
47 12 1.01 6.035 2.1502083333333335
48 12 0.958125 3.1825 1.7271354166666668
49 12 0.958125 3.1825 1.7271354166666668
50 12 0.958125 2.8175 1.5481770833333337
51 12 0.958125 2.8074999999999997 1.4163020833333333
52 12 0.958125 2.8074999999999997 1.4396354166666667
53 12 0.52 1.9600000000000002 1.2490104166666667
54 12 0.52 6.571875000000001 1.7098958333333334
55 12 0.52 2.45375 1.16265625
56 12 0.52 1.665 1.0969270833333333
57 12 0.52 1.5 1.0493229166666667
58 12 0.52 1.5 1.0493229166666667
59 12 0.52 1.5 1.0493229166666667
60 12 0.52 1.5 1.0493229166666667
61 12 0.52 1.5 1.0074479166666666
62 12 0.52 1.5 1.0074479166666666
63 12 0.52 1.5 1.0074479166666666
64 12 0.52 1.5 1.0074479166666666
65 12 0.52 1.475 0.9703645833333332
66 12 0.52 1.3850000000000002 0.8914062499999998
67 12 0.52 1.3850000000000002 0.8914062499999998
68 12 0.52 1.3850000000000002 0.8914062499999998
69 12 0.52 1.315 0.8486979166666667
70 12 0.52 1.315 0.8486979166666667
71 12 0.52 1.315 0.8486979166666667
72 12 0.52 1.2349999999999999 0.7824479166666668
73 12 0.52 1.2349999999999999 0.7824479166666668
74 12 0.3375 1.2349999999999999 0.7672395833333333
75 12 0.3375 1.2349999999999999 0.7672395833333333
76 12 0.3375 1.2349999999999999 0.7672395833333333
77 12 0.3375 1.2349999999999999 0.7905729166666667
78 12 0.3375 1.2349999999999999 0.7905729166666667
79 12 0.3375 1.2349999999999999 0.7905729166666667
80 12 0.3375 1.2349999999999999 0.7905729166666667
81 12 0.3375 1.2349999999999999 0.7905729166666667
82 12 0.3375 1.0550000000000002 0.7190104166666668
83 12 0.3375 1.01 0.6194270833333333
84 12 0.3375 0.958125 0.6533854166666667
85 12 0.3375 0.958125 0.6533854166666667
86 12 0.3375 0.958125 0.6533854166666667
87 12 0.3375 0.958125 0.6850520833333333
88 12 0.3375 0.958125 0.6850520833333333
89 12 0.3375 0.958125 0.6850520833333333
90 12 0.3375 0.9425 0.6737500000000001
91 12 0.3375 0.9425 0.6737500000000001
92 12 0.3375 0.9425 0.6737500000000001
93 12 0.3375 0.9425 0.6737500000000001
94 12 0.3375 0.9425 0.6737500000000001
95 12 0.3375 0.9425 0.6737500000000001
96 12 0.3375 5.555000000000001 1.0243750000000003
97 12 0.035 5.555000000000001 0.9839583333333334
98 12 0.035 0.9075 0.5460416666666666
99 12 0.035 0.9075 0.5460416666666666