Iteracion NumIndividuos MejorFitness MejorGenotipo PeorFitness PeorGenotipo MediaFitness 

00 2.6 25.979999999999993 9.133636363636363
01 2.6 25.979999999999993 9.133636363636363
02 2.6 21.93999999999999 8.02909090909091
03 2.6 21.93999999999999 8.02909090909091
04 2.6 18.549999999999997 7.907272727272729
05 2.6 23.04 8.315454545454545
06 2.6 20.48999999999999 8.465454545454547
07 2.6 20.48999999999999 8.465454545454547
08 2.6 20.080000000000002 8.140909090909092
09 2.6 22.559999999999995 8.366363636363637
10 2.6 23.40999999999999 8.443636363636363
11 2.6 17.07 7.867272727272729
12 2.6 15.940000000000001 7.655454545454546
13 2.6 15.940000000000001 7.655454545454546
14 2.6 19.299999999999994 7.96090909090909
15 2.6 19.309999999999995 7.961818181818183
16 2.6 19.309999999999995 7.961818181818183
17 2.6 44.16500000000001 11.320454545454545
18 2.6 27.81 9.219090909090909
19 2.6 22.68 8.752727272727272
20 2.6 32.589999999999996 9.539090909090907
21 2.6 19.119999999999997 7.870909090909092
22 2.6 13.619999999999997 6.993636363636364
23 2.6 14.520000000000001 6.897272727272727
24 2.6 23.895 8.890454545454547
25 2.6 21.854999999999997 8.340454545454547
26 2.6 23.319999999999997 8.473636363636365
27 2.6 21.759999999999998 8.240909090909092
28 2.6 26.255000000000003 8.649545454545455
29 2.6 22.779999999999998 8.615454545454545
30 2.6 22.779999999999998 8.615454545454545
31 2.6 21.879999999999995 8.343636363636364
32 2.6 25.020000000000007 8.796363636363639
33 2.6 25.419999999999998 8.832727272727274
34 2.6 23.089999999999996 8.745454545454546
35 2.6 23.089999999999996 8.745454545454546
36 2.6 23.089999999999996 8.745454545454546
37 2.6 23.089999999999996 8.745454545454546
38 2.6 18.37 7.821818181818181
39 2.6 17.55999999999999 7.402727272727272
40 2.6 21.699999999999996 8.132727272727273
41 2.6 21.699999999999996 8.132727272727273
42 2.6 20.71999999999999 8.043636363636363
43 2.6 22.34 8.523636363636363
44 2.6 21.31 8.095454545454546
45 2.6 17.63 7.556363636363637
46 2.6 22.735000000000003 8.471363636363636
47 2.6 25.439999999999998 8.924999999999999
48 2.6 24.839999999999993 8.870454545454544
49 2.6 23.275000000000002 8.721363636363636
50 2.6 23.55 8.746363636363636
51 2.6 19.299999999999997 7.685454545454546
52 2.6 23.525 8.069545454545455
53 2.6 22.749999999999996 7.99909090909091
54 2.6 20.009999999999998 8.07909090909091
55 2.6 29.490000000000006 9.392272727272728
56 2.6 23.715 8.735
57 2.6 23.089999999999996 8.678181818181818
58 2.6 22.819999999999997 8.653636363636364
59 2.6 26.879999999999995 8.692727272727272
60 2.6 20.790000000000003 8.225454545454546
61 2.6 19.57999999999999 7.846363636363635
62 2.6 19.57999999999999 7.846363636363635
63 2.6 19.57999999999999 7.846363636363635
64 2.6 19.57999999999999 7.846363636363635
65 2.6 19.57999999999999 7.846363636363635
66 2.6 24.17 8.803636363636365
67 2.6 22.56 7.7690909090909095
68 2.6 21.639999999999997 8.404545454545454
69 2.6 21.639999999999997 8.404545454545454
70 2.6 21.209999999999997 8.365454545454547
71 2.6 21.149999999999995 8.360000000000001
72 2.6 21.909999999999997 8.202727272727273
73 2.6 19.6 8.06590909090909
74 2.6 27.079999999999995 8.946363636363637
75 2.6 24.045 8.656818181818183
76 2.6 25.969999999999995 8.831818181818182
77 2.6 24.97 8.889090909090909
78 2.6 25.180000000000003 8.526363636363637
79 2.6 23.249999999999996 8.307272727272727
80 2.6 18.269999999999996 7.679090909090909
81 2.6 25.689999999999994 9.090909090909092
82 2.6 28.369999999999997 9.026363636363635
83 2.6 28.369999999999997 9.026363636363635
84 2.6 20.809999999999995 8.311818181818182
85 2.6 22.82 8.494545454545454
86 2.6 21.519999999999996 8.376363636363637
87 2.6 24.09999999999999 8.703636363636361
88 2.6 23.809999999999995 8.677272727272726
89 2.6 22.229999999999993 8.484545454545456
90 2.6 22.229999999999993 8.484545454545456
91 2.6 23.930000000000003 8.639090909090909
92 2.6 23.930000000000003 8.639090909090909
93 2.6 20.990000000000002 8.318181818181818
94 2.6 20.399999999999995 7.523636363636364
95 2.6 21.139999999999993 8.120909090909091
96 2.6 18.08 7.359090909090909
97 2.6 12.760000000000002 6.796363636363637
98 2.6 23.330000000000002 7.757272727272729
99 2.6 27.125 8.102272727272727