*******************************************************************************************
Iteracion NumIndividuos MejorFitness MejorGenotipo PeorFitness PeorGenotipo MediaFitness 
2017_09_26_19_23_27

00,10,3.4065624999999997,13.990750000000002,8.360706249999998,14.710668320351568,3.8354489072795075,15.878186108267833,0.8432263917321636
01,10,3.4065624999999997,13.58675,7.479493749999999,8.030221914414062,2.8337646187384835,13.033672402727426,1.9253150972725708
02,10,3.4065624999999997,9.779374999999998,6.88329375,3.8150711687890615,1.9532207168645999,10.711606355054617,3.0549811449453843
03,10,3.4065624999999997,12.362562500000001,7.3854625,7.0946896337500025,2.663585860029671,12.606090785658154,2.1648342143418455
04,10,3.4065624999999997,11.248000000000003,7.303881249999999,6.3222055269140665,2.514399635482408,12.232104535545519,2.3756579644544793
05,10,3.4065624999999997,15.098,7.47308125,9.593962621914063,3.0974122460392746,13.544009252236979,1.4021532477630219
06,10,3.4065624999999997,11.615750000000002,7.249793749999999,5.996182409414064,2.4487103563741597,12.049266048493353,2.450321451506646
07,10,3.4065624999999997,21.721125000000004,8.26033125,24.010781787539077,4.900079773589312,17.864487606235052,-1.34382510623505
08,10,3.4065624999999997,12.251500000000002,7.3133687499999995,6.587689772226564,2.566649522670862,12.34400181443489,2.28273568556511
09,10,3.4065624999999997,10.298249999999998,7.0666625,4.6989298509375,2.1677015133402247,11.315357466146839,2.8179675338531593
10,10,3.4065624999999997,13.836625,7.201231249999999,7.5086861437890615,2.7401981942533027,12.572019710736473,1.8304427892635262
11,10,3.4065624999999997,18.011749999999996,7.921218749999999,15.425346260351555,3.927511458971387,15.619141209583917,0.22329629041608
12,10,3.4065624999999997,20.90175,8.21021875,22.009362322851562,4.6914136806352476,17.405389564045084,-0.9849520640450855
13,10,3.4065624999999997,19.576437499999997,8.0776875,18.803394110937496,4.336288056729799,16.576812091190405,-0.4214370911904073
14,10,3.4065624999999997,10.616499999999998,6.771431249999999,4.119514517539062,2.029658719474548,10.749562340170113,2.793300159829885
15,10,3.4065624999999997,8.405625000000002,6.59568125,2.8551439456640635,1.6897171200127148,9.907526805224922,3.283835694775079
16,10,3.4065624999999997,12.135250000000001,7.21610625,6.586523392226565,2.5664222942116455,12.246293946654825,2.185918553345175
17,10,3.4065624999999997,9.520812500000002,6.706149999999999,3.3677645017187507,1.8351469973053252,10.303038114718436,3.109261885281562
18,10,3.4065624999999997,8.335125,6.336449999999999,2.2909979248437495,1.513604282777949,9.30311439424478,3.369785605755219
19,10,3.4065624999999997,12.13175,7.078887499999999,6.897045213125,2.626222613017602,12.226283821514498,1.9314911784854996
20,10,3.4065624999999997,11.537625,7.019474999999998,6.328407432968751,2.5156326108891083,11.950114917342649,2.0888350826573463
21,10,3.4065624999999997,11.81525,7.426056249999999,8.159455890976563,2.8564761317008345,13.024749468133635,1.8273630318663638
22,10,3.4065624999999997,11.18,6.683218749999999,4.280875585351562,2.069027690813142,10.738513023993757,2.627924476006241
23,10,3.4065624999999997,8.403750000000002,6.170356249999999,2.274726242226564,1.508219560351398,9.12646658828874,3.2142459117112594
24,10,3.4065624999999997,13.776437500000002,7.14483125,9.859288197695317,3.139950349558941,13.299133935135526,0.9905285648644755
25,10,3.4065624999999997,25.4385,8.11218125,36.42794685503906,6.035556880275346,19.94187273533968,-3.7175102353396756
26,10,3.4065624999999997,13.919,7.4049812500000005,10.30191630003907,3.2096598417961784,13.69591453992051,1.1140479600794908
27,10,3.4065624999999997,10.082000000000003,6.233681249999999,3.8947783112890653,1.973519270564406,10.101779020306235,2.3655834796937634
28,10,3.030937499999999,10.07525,5.8224,4.664593647031252,2.159767035360817,10.0555433893072,1.5892566106927992
29,10,3.030937499999999,13.932187499999998,6.0982875,9.321573556406248,3.053125211386891,12.082412914318306,0.11416208568169317
30,10,3.030937499999999,13.971750000000002,6.1022437499999995,9.383700157382817,3.063282578767884,12.106277604385053,0.0982098956149473
31,10,3.030937499999999,19.626249999999995,6.66874375,21.154959438632797,4.599452080262691,15.683669827314873,-2.3461823273148736
32,10,3.030937499999999,13.6373125,6.630856249999999,11.826960315664063,3.439034794192124,13.371364446616562,-0.10965194661656419
33,10,1.9233749999999998,9.977562499999998,5.277487499999999,5.75316564984375,2.3985757544517434,9.978695978725415,0.5762790212745825
34,10,1.9233749999999998,16.531624999999995,6.557343749999999,19.295291851757806,4.392640646781592,15.16691941769192,-2.0522319176919215
35,10,1.9233749999999998,8.858500000000001,4.874924999999999,4.731365469375003,2.175170216184242,9.138258623721114,0.6115913762788852
36,10,1.9233749999999998,25.009625,7.419918749999999,52.59295012347658,7.252099704463292,21.634034170748052,-6.794196670748054
37,10,1.9233749999999998,5.543249999999999,3.5239499999999992,1.749007275624999,1.3225003877598671,6.116050760009339,0.9318492399906599
38,10,1.9233749999999998,4.832749999999999,3.0685437499999995,0.7953984797265622,0.8918511533471054,4.816572010560326,1.320515489439673
39,10,1.9233749999999998,3.83125,2.7776062499999994,0.530652628164062,0.7284590778925485,4.205386042669394,1.3498264573306045
40,10,1.9233749999999998,3.3914374999999986,2.549256249999999,0.4073225691015618,0.6382182770036924,3.8001640729272363,1.298348427072762
41,10,1.593375,3.030937499999999,2.1896437499999997,0.318889360195312,0.5647028955081708,3.2964614251960143,1.082826074803985
42,10,1.593375,3.030937499999999,1.90213125,0.16577817222656224,0.4071586573150106,2.7001622183374208,1.1041002816625793
43,10,1.593375,1.9233749999999998,1.725375,0.026135999999999975,0.1616663230236897,2.042240993126432,1.4085090068735684
44,10,1.593375,1.9233749999999998,1.6923749999999997,0.02286899999999998,0.15122499793354266,1.9887759959497433,1.3959740040502562
45,10,1.593375,1.9233749999999998,1.6263750000000001,0.00980099999999999,0.09899999999999995,1.8204150000000001,1.4323350000000001
46,10,1.593375,1.593375,1.593375,0.0,0.0,1.593375,1.593375
47,10,1.593375,1.593375,1.593375,0.0,0.0,1.593375,1.593375
48,10,1.593375,1.593375,1.593375,0.0,0.0,1.593375,1.593375
49,10,1.593375,1.593375,1.593375,0.0,0.0,1.593375,1.593375
50,10,1.593375,1.593375,1.593375,0.0,0.0,1.593375,1.593375
51,10,1.593375,1.593375,1.593375,0.0,0.0,1.593375,1.593375
52,10,1.593375,1.593375,1.593375,0.0,0.0,1.593375,1.593375
53,10,1.593375,1.593375,1.593375,0.0,0.0,1.593375,1.593375
54,10,1.593375,1.593375,1.593375,0.0,0.0,1.593375,1.593375
55,10,1.593375,1.593375,1.593375,0.0,0.0,1.593375,1.593375
56,10,1.593375,1.593375,1.593375,0.0,0.0,1.593375,1.593375
57,10,1.593375,1.593375,1.593375,0.0,0.0,1.593375,1.593375
58,10,1.593375,1.593375,1.593375,0.0,0.0,1.593375,1.593375
59,10,1.593375,1.593375,1.593375,0.0,0.0,1.593375,1.593375
60,10,1.593375,1.593375,1.593375,0.0,0.0,1.593375,1.593375
61,10,1.593375,1.593375,1.593375,0.0,0.0,1.593375,1.593375
62,10,1.593375,1.593375,1.593375,0.0,0.0,1.593375,1.593375
63,10,1.593375,1.593375,1.593375,0.0,0.0,1.593375,1.593375
64,10,1.593375,1.593375,1.593375,0.0,0.0,1.593375,1.593375
65,10,1.593375,1.593375,1.593375,0.0,0.0,1.593375,1.593375
66,10,1.593375,1.593375,1.593375,0.0,0.0,1.593375,1.593375
67,10,1.593375,1.593375,1.593375,0.0,0.0,1.593375,1.593375
68,10,1.593375,1.593375,1.593375,0.0,0.0,1.593375,1.593375
69,10,1.593375,1.593375,1.593375,0.0,0.0,1.593375,1.593375
70,10,1.593375,1.593375,1.593375,0.0,0.0,1.593375,1.593375
71,10,1.593375,1.593375,1.593375,0.0,0.0,1.593375,1.593375
72,10,1.593375,1.593375,1.593375,0.0,0.0,1.593375,1.593375
73,10,1.593375,1.593375,1.593375,0.0,0.0,1.593375,1.593375
74,10,1.593375,1.593375,1.593375,0.0,0.0,1.593375,1.593375
75,10,1.593375,1.593375,1.593375,0.0,0.0,1.593375,1.593375
76,10,1.593375,1.9433749999999999,1.6283749999999997,0.01102499999999999,0.10499999999999995,1.8341749999999997,1.4225749999999997
77,10,1.593375,1.9433749999999999,1.6283749999999997,0.01102499999999999,0.10499999999999995,1.8341749999999997,1.4225749999999997
78,10,1.593375,1.593375,1.593375,0.0,0.0,1.593375,1.593375
79,10,1.593375,1.593375,1.593375,0.0,0.0,1.593375,1.593375
80,10,1.593375,1.593375,1.593375,0.0,0.0,1.593375,1.593375
81,10,1.593375,1.9433749999999999,1.6283749999999997,0.01102499999999999,0.10499999999999995,1.8341749999999997,1.4225749999999997
82,10,1.593375,1.593375,1.593375,0.0,0.0,1.593375,1.593375
83,10,1.593375,1.593375,1.593375,0.0,0.0,1.593375,1.593375
84,10,1.593375,1.9433749999999999,1.6283749999999997,0.01102499999999999,0.10499999999999995,1.8341749999999997,1.4225749999999997
85,10,1.593375,2.2933749999999993,1.6633749999999998,0.044099999999999896,0.20999999999999974,2.0749749999999993,1.2517750000000003
86,10,1.593375,1.593375,1.593375,0.0,0.0,1.593375,1.593375
87,10,1.593375,1.593375,1.593375,0.0,0.0,1.593375,1.593375
88,10,1.593375,1.593375,1.593375,0.0,0.0,1.593375,1.593375
89,10,1.593375,1.593375,1.593375,0.0,0.0,1.593375,1.593375
90,10,1.593375,1.9433749999999999,1.6283749999999997,0.01102499999999999,0.10499999999999995,1.8341749999999997,1.4225749999999997
91,10,1.593375,1.9433749999999999,1.6283749999999997,0.01102499999999999,0.10499999999999995,1.8341749999999997,1.4225749999999997
92,10,1.593375,1.593375,1.593375,0.0,0.0,1.593375,1.593375
93,10,1.593375,1.9433749999999999,1.6283749999999997,0.01102499999999999,0.10499999999999995,1.8341749999999997,1.4225749999999997
94,10,1.593375,1.9433749999999999,1.6283749999999997,0.01102499999999999,0.10499999999999995,1.8341749999999997,1.4225749999999997
95,10,1.593375,1.593375,1.593375,0.0,0.0,1.593375,1.593375
96,10,1.593375,1.9433749999999999,1.6283749999999997,0.01102499999999999,0.10499999999999995,1.8341749999999997,1.4225749999999997
97,10,1.593375,1.9433749999999999,1.6283749999999997,0.01102499999999999,0.10499999999999995,1.8341749999999997,1.4225749999999997
98,10,1.593375,1.593375,1.593375,0.0,0.0,1.593375,1.593375
99,10,1.593375,1.9433749999999999,1.6283749999999997,0.01102499999999999,0.10499999999999995,1.8341749999999997,1.4225749999999997