*******************************************************************************************
Iteracion NumIndividuos MejorFitness MejorGenotipo PeorFitness PeorGenotipo MediaFitness 
2017_06_14_20_16_34

00,14,2.0376874999999997,11.655750000000001,7.470696428571428,9.89781174880421,3.146078789350993,13.637010855699375,1.3043820014434822
01,14,2.0376874999999997,11.025,7.304575892857143,8.714790858916617,2.952082461401886,13.09065751720484,1.5184942685094462
02,14,2.0376874999999997,10.2819375,6.912575892857142,7.002938313715722,2.6463065419024536,12.099336714985952,1.7258150707283333
03,14,2.0376874999999997,16.9969375,7.3431919642857135,12.986724631955521,3.603709842919588,14.406463256408106,0.27992067216332117
04,14,2.0376874999999997,18.122874999999997,7.674120535714285,16.461316605169795,4.057254811466713,15.626339966189041,-0.2780988947604719
05,14,2.0376874999999997,12.970437499999996,6.922388392857142,8.098303227778217,2.845751786044984,12.500061893505311,1.3447148922089731
06,14,2.0376874999999997,12.970437499999996,6.922388392857142,8.098303227778217,2.845751786044984,12.500061893505311,1.3447148922089731
07,14,2.0376874999999997,11.933875,6.927066964285714,7.426529975147481,2.725166045426862,12.268392413322363,1.5857415152490653
08,14,2.0376874999999997,12.264,6.950647321428571,7.669883050562021,2.7694553707474725,12.378779848093618,1.5225147947635245
09,14,2.0376874999999997,10.0213125,6.790455357142856,6.301169295998086,2.5102129981334427,11.710472833484403,1.8704378808013091
10,14,2.0376874999999997,18.1460625,7.370794642857143,14.429473874123088,3.7986147309411478,14.816079515501793,-0.07449022978750719
11,14,2.0376874999999997,12.906,6.996504464285715,8.184530804388553,2.86086189886694,12.603793786064916,1.3892151425065125
12,14,2.0376874999999997,12.906,6.996504464285715,8.184530804388553,2.86086189886694,12.603793786064916,1.3892151425065125
13,14,2.0376874999999997,9.29725,6.482401785714286,5.544276170041454,2.3546286692473304,11.097473977439053,1.8673295939895187
14,14,2.0376874999999997,12.766124999999999,6.892187499999999,8.62207032533482,2.936336207816608,12.64740646732055,1.1369685326794468
15,14,2.0376874999999997,18.295312499999998,7.287129464285714,15.289528171018015,3.9101826262999553,14.951087411833626,-0.376828483262198
16,14,2.0376874999999997,15.546124999999998,7.095799107142857,11.503930100546073,3.3917444037760385,13.743618138543892,0.4479800757418211
17,14,2.0376874999999997,16.6946875,7.439825892857142,15.740090919742508,3.9673783434079626,15.215887445936747,-0.33623566022246454
18,14,2.0376874999999997,19.096562499999997,7.611388392857143,19.298303296974645,4.392983416423814,16.221635889047818,-0.9988591033335323
19,14,2.0376874999999997,15.049375,7.322303571428571,13.744334727040814,3.707335259595605,14.588680680235957,0.05592646262118528
20,14,2.0376874999999997,14.41425,6.680857142857142,9.180225754145408,3.0298887362649816,12.619439065936506,0.7422752197777776
21,14,2.0376874999999997,9.129749999999998,6.088361607142857,4.579886744519292,2.1400669953343265,10.282892917998137,1.893830296287577
22,14,2.0376874999999997,8.6741875,6.042308035714286,4.327325258071588,2.0802224059151917,10.119543951308062,1.9650721201205101
23,14,2.0376874999999997,10.2488125,6.177084821428571,5.199116930584343,2.2801572161989934,10.6461929651786,1.7079766776785439
24,14,2.0376874999999997,9.97725,6.1422366071428565,4.964191863938935,2.228046647612867,10.509208036464075,1.7752651778216375
25,14,2.0376874999999997,15.19375,6.571508928571427,9.91529910929528,3.148856794027839,12.743268244865991,0.3997496122768629
26,14,2.0376874999999997,10.917750000000002,6.266080357142857,5.861067522560587,2.4209641720935458,11.011170134446207,1.5209905798395074
27,14,2.0376874999999997,16.323749999999997,6.652223214285713,11.39186751490752,3.375184071263006,13.267583993961205,0.03686243461022087
28,14,2.0376874999999997,9.907375000000002,6.196035714285714,5.271400377072704,2.295953043307442,10.6961036791683,1.6959677494031284
29,14,2.0376874999999997,9.630875000000001,6.127495535714286,4.835148590660874,2.1988971305317753,10.437333911556564,1.8176571598720068
30,14,2.0376874999999997,13.68875,6.41734375,7.958200989257813,2.8210283566915475,11.946559329115432,0.888128170884567
31,14,2.0376874999999997,8.874187500000001,6.073446428571429,4.494416504384567,2.1200038925399562,10.228654057949743,1.918238799193115
32,14,2.0376874999999997,17.853875,6.714852678571427,13.435467868084343,3.6654423836809036,13.899119750585998,-0.4694143934431434
33,14,2.0376874999999997,24.380250000000004,7.036455357142857,26.440620468989174,5.142044386135652,17.114862353968736,-3.0419516396830213
34,15,2.0376874999999997,8.484999999999998,5.595695833333334,4.025772117118054,2.006432684422294,9.52830389480103,1.6630877718656376
35,15,2.0376874999999997,7.932499999999999,5.453508333333334,3.4734657369097213,1.8637236213853494,9.106406631248618,1.8006100354180488
36,15,2.0376874999999997,8.577125,5.557408333333333,4.020502920243055,2.0051191785634725,9.48744192331774,1.627374743348927
37,15,2.0376874999999997,8.512499999999998,5.414416666666667,3.4431669164930545,1.8555772461670936,9.05134806915417,1.7774852641791634
38,15,2.0376874999999997,8.512499999999998,5.414416666666667,3.4431669164930545,1.8555772461670936,9.05134806915417,1.7774852641791634
39,15,2.0376874999999997,10.343125,5.536458333333333,4.407875781076388,2.099494172670262,9.651466911767047,1.4214497548996192
40,15,2.0376874999999997,10.360500000000002,5.680549999999999,5.253915520937501,2.292142124942845,10.173148564887976,1.1879514351120228
41,15,2.0376874999999997,18.325249999999997,6.604358333333333,18.99485887315972,4.358309175948825,15.14664431819303,-1.9379276515263628
42,15,2.0376874999999997,15.748624999999999,6.1334833333333325,11.213151539826388,3.348604416742352,12.696747990148342,-0.4297813234816772
43,15,2.0376874999999997,11.007500000000002,5.796079166666667,6.318555820555557,2.513673769715465,10.722879755308977,0.8692785780243559
44,15,2.0376874999999997,10.7904375,5.7831666666666655,6.18598450763889,2.4871639486851063,10.658008006089474,0.9083253272438574
45,15,2.0376874999999997,16.0656875,6.436941666666666,15.481895290347218,3.9347039647662463,14.14896143760851,-1.2750781042751766
46,15,2.0376874999999997,14.737625,6.070458333333333,10.024134447743055,3.1660913517684635,12.27599738279952,-0.13508071613285555
47,15,2.0376874999999997,11.073125000000001,5.4014750000000005,4.6932961571875005,2.1664016610932286,9.647622255742728,1.1553277442572725
48,15,2.0376874999999997,14.339500000000001,5.619233333333333,7.8272559439930545,2.797723350153309,11.102771099633818,0.13569556703284746
49,15,2.0376874999999997,16.507874999999995,5.763791666666666,10.640989939409714,3.2620530252296196,12.15741559611672,-0.6298322627833883
50,15,2.0376874999999997,9.942,5.4814750000000005,4.906985600937501,2.215171686560096,9.823211505657788,1.139738494342212
51,15,2.0376874999999997,14.5405,5.7880416666666665,8.95764585815972,2.9929326517915036,11.654189664178013,-0.07810633084468055
52,15,2.0376874999999997,17.518374999999995,5.986566666666666,12.984579898159717,3.603412257591368,13.049254691545746,-1.076121358212415
53,15,2.0376874999999997,10.0374375,5.4878375,4.964312521249999,2.2280737243749362,9.854861999774876,1.1208130002251258
54,15,2.0376874999999997,17.72874999999999,6.157741666666666,14.835850009826377,3.851733377302533,13.70713908617963,-1.3916557528462992
55,15,2.0376874999999997,29.169625,6.8408291666666665,39.893563548680554,6.316135174984822,19.22045410963692,-5.538795776303584
56,15,2.0376874999999997,20.181124999999994,6.241595833333333,18.160374264513873,4.261499063066173,14.594133996943032,-2.110942330276366
57,15,2.0376874999999997,10.9154375,5.329266666666666,4.381829615347221,2.093282020021961,9.432099425909708,1.2264339074236235
58,15,2.0376874999999997,6.972687500000001,5.030804166666667,2.3062415837847214,1.5186314838645751,8.007321875041235,2.0542864582920997
59,15,2.0376874999999997,17.610124999999996,6.434099999999998,19.916771573333325,4.4628210330835945,15.181229224843843,-2.313029224843846
60,15,2.0376874999999997,16.922749999999994,5.815820833333332,11.44873251711805,3.383597570208084,12.447672070941175,-0.8160304042745121
61,15,2.0376874999999997,8.7695,5.209141666666667,3.179622891388889,1.7831497108736802,8.70411509997908,1.7141682333542532
62,15,2.0376874999999997,9.836125,5.280249999999999,3.756754716666667,1.9382349487785702,9.079190499605996,1.4813095003940013
63,15,2.0376874999999997,13.137312499999998,5.800779166666666,8.83883395670139,2.973017651595999,11.627893763794823,-0.026335430461491782
64,15,2.0376874999999997,6.723625,4.928583333333333,2.091978397222222,1.4463673106172656,7.763463262143174,2.0937034045234926
65,15,2.0376874999999997,19.975999999999992,6.1397249999999985,18.100956448333317,4.254521882460274,14.478587889622135,-2.199137889622138
66,15,2.0376874999999997,9.328999999999997,5.114295833333332,3.1719069075347206,1.7809848139539879,8.605026068683149,1.6235655979835162
67,15,2.0376874999999997,10.359124999999997,5.398833333333333,4.816948897222222,2.194754860393803,9.700552859705187,1.0971138069614792
68,15,2.0376874999999997,16.734562499999996,6.050770833333332,13.951926118576386,3.7352277197751125,13.371817164092551,-1.2702754974258879
69,15,2.0376874999999997,6.2880625000000006,4.868154166666668,1.8291778264930552,1.3524710076349344,7.518997341631139,2.2173109917021963
70,16,2.0376874999999997,15.2631875,5.646441406249999,11.016293363998416,3.3190801984884932,12.151838595287446,-0.8589557827874472
71,16,2.0376874999999997,10.265375,5.033019531250001,3.8657652645111082,1.966154944176859,8.886683221836645,1.1793558406633569
72,16,2.0376874999999997,10.265375,5.033019531250001,3.8657652645111082,1.966154944176859,8.886683221836645,1.1793558406633569
73,16,2.0376874999999997,7.103562499999998,4.81969921875,2.316013192977904,1.5218453249190287,7.802516055591296,1.8368823819087043
74,16,2.0376874999999997,14.3898125,5.275089843749999,7.506822367172242,2.7398580925245457,10.64521170509811,-0.09503201759811031
75,16,2.0376874999999997,8.988125000000002,5.051914062500001,3.5947695746459964,1.8959877569873695,8.768050066195245,1.3357780588047565
76,16,2.0376874999999997,17.067999999999998,5.556906249999999,11.39553775976562,3.3757277378019723,12.173332616091866,-1.0595201160918668
77,16,2.0376874999999997,9.9560625,5.11241015625,4.1259170068206785,2.031235340087573,9.093631422821643,1.1311888896783575
78,16,2.0376874999999997,8.840187499999999,5.07278125,3.735037839355469,1.9326245986625206,8.86072546337854,1.28483703662146
79,16,2.0376874999999997,8.171249999999999,4.976910156250001,3.0809374120941153,1.755259927217082,8.417219613595481,1.53660069890452
80,16,2.0376874999999997,10.614750000000003,5.101757812500001,4.260895634704592,2.064193700868354,9.147577466201973,1.0559381587980274
81,16,2.0376874999999997,8.8024375,4.884363281250001,2.843212272567749,1.6861827518296317,8.18928147483608,1.5794450876639226
82,16,2.0376874999999997,17.819999999999997,5.563816406249999,12.435138467025752,3.5263491697541456,12.475460778968124,-1.3478279664681265
83,16,2.0376874999999997,8.205874999999999,4.956421875000001,3.080382438232422,1.7551018312999453,8.396421464347894,1.5164222856521081
84,16,2.0376874999999997,8.95925,4.88291796875,2.8905564617767334,1.7001636573508838,8.215238737157733,1.550597200342268
85,16,2.0376874999999997,7.26425,4.79885546875,2.222069135116577,1.4906606371393112,7.720550317543051,1.8771606199569502
86,16,2.0376874999999997,8.069812499999998,4.5929609375,2.815206134216307,1.6778576024848793,7.881561838370363,1.3043600366296366
87,16,2.0376874999999997,15.965749999999998,5.26286328125,10.604710099227901,3.2564873866219566,11.645578559029033,-1.119851996529035
88,16,2.0376874999999997,16.260999999999996,5.340937499999999,11.445655687499995,3.383142871281081,11.971897527710919,-1.2900225277109199
89,16,2.0376874999999997,18.667999999999996,5.443988281249999,14.725888137313834,3.837432492867312,12.96535596726993,-2.077379404769932
90,16,2.0376874999999997,12.666749999999999,5.06891015625,6.916067094223021,2.6298416481269404,10.223399786578803,-0.08557947407880295
91,16,2.0376874999999997,11.6655,5.028207031250001,6.095532782089233,2.4689132795805593,9.867277059227897,0.18913700327210492
92,16,2.0376874999999997,17.780625,5.4104023437499995,13.36011615623474,3.6551492659308376,12.57449490497444,-1.7536902174744418
93,16,1.5179374999999997,16.749312500000002,5.29417578125,12.45882690098572,3.5297063476988733,12.212400222739792,-1.6240486602397919
94,16,1.5179374999999997,16.965124999999997,5.3076640625,12.770576118591306,3.5735942856725225,12.311908862418143,-1.6965807374181443
95,16,1.5179374999999997,16.389624999999995,5.42301953125,13.446925818710326,3.6670050202734013,12.610349370985865,-1.7643103084858671
96,16,1.5179374999999997,9.2105625,4.49201953125,3.8205729822845456,1.954628604693113,8.323091596448503,0.6609474660514989
97,16,1.5179374999999997,18.208249999999996,5.054374999999999,13.871224966796868,3.724409344687674,12.35421731558784,-2.2454673155878417
98,16,1.5179374999999997,7.495249999999998,4.384812500000001,2.981251228515624,1.7266300207385554,7.769007340647569,1.0006176593524323
99,16,1.5179374999999997,8.303875000000001,4.4353515625,3.3339613715209966,1.8259138455910227,8.014142699858404,0.8565604251415957