*******************************************************************************************
Iteracion NumIndividuos MejorFitness MejorGenotipo PeorFitness PeorGenotipo MediaFitness 
2017_09_25_18_51_25

00 13 32.372499999999995 42.14 37.57153846153846
01 13 32.372499999999995 42.14 37.57153846153846
02 13 32.372499999999995 41.07 37.25115384615385
03 13 32.372499999999995 40.72 36.908846153846156
04 13 7.987500000000001 39.76999999999999 32.25423076923077
05 13 7.460000000000001 38.052499999999995 27.572115384615383
06 13 7.460000000000001 37.974999999999994 25.242692307692305
07 13 7.460000000000001 36.787499999999994 23.06480769230769
08 13 7.460000000000001 36.707499999999996 20.94326923076923
09 13 7.460000000000001 34.3775 17.200576923076923
10 13 7.460000000000001 34.22 13.754615384615388
11 13 7.460000000000001 39.974999999999994 12.37019230769231
12 13 7.460000000000001 13.340000000000002 10.045
13 13 7.460000000000001 39.6075 12.065576923076927
14 13 7.460000000000001 12.865000000000002 9.83019230769231
15 13 7.460000000000001 12.537500000000001 9.518076923076924
16 13 7.460000000000001 10.5475 9.161923076923076
17 13 7.460000000000001 10.047500000000001 9.029807692307692
18 13 7.460000000000001 9.7475 8.75076923076923
19 13 7.460000000000001 11.0225 8.712500000000002
20 13 7.460000000000001 9.5475 8.538076923076925
21 13 7.460000000000001 36.62749999999999 10.92673076923077
22 13 7.460000000000001 38.66749999999999 12.990192307692308
23 13 7.460000000000001 40.162499999999994 13.105192307692308
24 13 7.460000000000001 40.162499999999994 13.105192307692308
25 13 7.460000000000001 14.6525 8.999038461538463
26 13 7.460000000000001 9.245000000000001 8.33173076923077
27 13 7.460000000000001 39.6625 10.671538461538463
28 13 7.090000000000001 12.125 8.395576923076923
29 13 7.090000000000001 13.9175 8.53346153846154
30 13 7.090000000000001 37.7775 10.529615384615386
31 13 7.090000000000001 10.92 8.309807692307693
32 13 7.090000000000001 11.915 8.307115384615386
33 13 7.090000000000001 40.49 10.504807692307695
34 13 7.090000000000001 11.760000000000002 8.31173076923077
35 13 7.090000000000001 37.31249999999999 10.204038461538463
36 13 7.090000000000001 8.620000000000001 7.885384615384615
37 13 7.090000000000001 41.964999999999996 10.450384615384618
38 13 7.090000000000001 40.24249999999999 10.30173076923077
39 13 7.090000000000001 8.530000000000001 7.763653846153845
40 13 7.090000000000001 38.04 10.042692307692308
41 13 7.090000000000001 13.347499999999998 8.132307692307693
42 13 6.945 42.73249999999999 10.28557692307692
43 13 6.945 9.2225 7.645769230769231
44 13 6.945 39.245 9.879615384615388
45 13 6.945 7.895 7.4625
46 13 6.945 36.87 9.791346153846153
47 13 7.005 9.1425 7.606346153846155
48 13 7.005 44.63750000000001 12.922692307692309
49 13 7.005 37.28499999999999 9.821730769230768
50 13 7.005 7.8500000000000005 7.406346153846155
51 13 7.005 11.095 7.7863461538461545
52 13 7.005 9.952500000000002 7.731346153846155
53 13 7.005 9.3675 7.580576923076923
54 13 7.005 9.187500000000004 7.566730769230769
55 13 7.005 8.570000000000002 7.470576923076923
56 13 7.005 12.137500000000003 7.7875
57 13 7.005 10.0675 7.578269230769231
58 13 7.005 11.120000000000003 7.65923076923077
59 13 7.005 8.3175 7.443653846153846
60 13 7.005 13.525 7.84423076923077
61 13 7.005 43.0875 10.118269230769231
62 13 7.005 37.255 9.669615384615385
63 13 7.005 41.7125 10.0125
64 13 6.9375 7.77 7.3375
65 13 6.9375 8.1825 7.3511538461538475
66 13 6.9375 37.42 9.782115384615384
67 13 6.9375 11.725 7.805576923076924
68 13 6.9375 8.209999999999999 7.293461538461538
69 13 6.9375 38.04 9.562500000000002
70 13 6.5575 8.5625 7.231346153846155
71 13 6.5575 39.79749999999999 11.905384615384614
72 13 6.5575 39.78 11.921153846153846
73 13 6.5575 37.374999999999986 9.684423076923077
74 13 6.5575 10.522499999999999 7.378269230769231
75 13 6.5575 9.6475 7.310961538461539
76 13 6.5575 40.28499999999999 9.735961538461538
77 13 6.5575 8.204999999999998 7.201538461538462
78 13 6.5575 7.3100000000000005 7.104615384615385
79 13 6.5575 13.480000000000002 7.975192307692309
80 13 6.5575 11.905000000000001 7.412884615384614
81 13 6.5575 37.885 9.400961538461537
82 13 6.5575 7.675000000000001 7.090576923076923
83 13 6.5575 37.69999999999999 9.36730769230769
84 13 6.5575 37.22 9.494423076923075
85 13 6.5575 38.87499999999999 9.74230769230769
86 13 6.5575 13.477500000000001 7.962115384615384
87 13 6.5575 10.495000000000001 7.40653846153846
88 13 6.5575 36.93249999999998 9.597692307692306
89 13 6.5575 13.102500000000001 7.547307692307692
90 13 6.5575 7.845000000000001 7.086730769230768
91 13 6.5575 39.11249999999999 9.476346153846153
92 13 6.5575 12.65 7.8575
93 13 6.5575 7.8925 7.113076923076922
94 13 6.5575 37.294999999999995 9.352115384615384
95 13 6.5575 37.109999999999985 9.454423076923076
96 13 6.5575 10.647500000000003 7.377115384615384
97 13 6.5575 36.712499999999984 9.519230769230768
98 13 6.5575 7.875000000000002 7.09326923076923
99 13 6.5575 42.794999999999995 12.040000000000001
100 13 6.5575 36.732499999999995 9.294615384615383
101 13 6.5575 39.68999999999999 9.54
102 13 6.5575 10.28 7.417692307692307
103 13 6.5575 10.7075 7.307884615384614
104 13 6.5575 7.387499999999999 6.984038461538461
105 13 6.5575 11.365 7.601730769230769
106 13 6.5575 38.885 11.75903846153846
107 13 6.5575 37.515 9.377115384615383
108 13 6.5575 7.420000000000001 6.984999999999999
109 13 6.5575 7.175000000000001 6.951153846153845
110 13 6.5575 38.36999999999999 11.739807692307691
111 13 6.5575 36.9325 9.324807692307692
112 13 6.1975 7.13 6.8173076923076925
113 13 6.1975 37.78749999999999 9.544230769230769
114 13 6.022500000000001 8.3175 6.8234615384615385
115 13 6.022500000000001 11.282499999999999 7.045192307692308
116 13 6.022500000000001 38.74499999999999 9.150384615384615
117 13 6.022500000000001 11.187500000000002 7.004615384615386
118 13 6.022500000000001 38.912499999999994 9.091923076923079
119 13 6.022500000000001 7.6775 6.68923076923077
120 13 6.022500000000001 11.120000000000001 6.954038461538463
121 13 6.022500000000001 6.932500000000001 6.570576923076924
122 13 6.022500000000001 9.735 6.798461538461539
123 13 6.022500000000001 39.214999999999996 9.322884615384616
124 13 6.022500000000001 7.260000000000001 6.584038461538461
125 13 6.022500000000001 39.04749999999999 9.08596153846154
126 13 6.022500000000001 13.790000000000001 7.096346153846154
127 13 6.022500000000001 7.474999999999999 6.637307692307692
128 13 6.022500000000001 39.690000000000005 11.6075
129 13 6.022500000000001 6.827500000000001 6.459038461538461
130 13 5.875000000000001 12.665000000000001 6.838653846153846
131 13 5.875000000000001 7.9875 6.497307692307692
132 13 5.875000000000001 6.9175 6.37423076923077
133 13 5.875000000000001 39.72 11.360384615384616
134 13 5.875000000000001 7.807500000000001 6.401346153846154
135 13 5.875000000000001 37.96499999999999 8.915576923076923
136 13 5.875000000000001 7.0175 6.286923076923076
137 13 5.875000000000001 10.365 6.807307692307692
138 13 5.875000000000001 12.550000000000002 6.87326923076923
139 13 5.875000000000001 8.267500000000002 6.428269230769231
140 13 5.875000000000001 11.447500000000002 6.624807692307692
141 13 5.875000000000001 9.135 6.4101923076923075
142 13 5.875000000000001 7.3375 6.245384615384615
143 13 5.875000000000001 8.082500000000001 6.275961538461539
144 13 5.875000000000001 9.075 6.356153846153846
145 13 5.875000000000001 42.26000000000001 9.090384615384615
146 13 5.875000000000001 7.3575 6.284230769230769
147 13 5.875000000000001 38.43 8.737692307692306
148 13 5.875000000000001 42.052499999999995 8.966346153846153
149 13 5.875000000000001 38.182500000000005 8.555769230769231
150 13 5.875000000000001 7.237500000000001 6.223846153846153
151 13 5.875000000000001 38.79749999999999 8.734423076923077
152 13 5.875000000000001 42.18999999999999 8.866923076923076
153 13 5.875000000000001 7.017500000000001 6.143461538461538
154 13 5.875000000000001 38.92249999999999 8.724615384615383
155 13 5.875000000000001 8.505000000000003 6.363653846153846
156 13 5.875000000000001 42.12499999999999 11.590961538461539
157 13 5.875000000000001 9.785000000000002 6.413076923076923
158 13 5.875000000000001 12.207500000000001 6.773076923076923
159 13 5.492500000000001 7.995 6.1657692307692304
160 13 5.492500000000001 6.3999999999999995 6.025192307692308
161 13 5.492500000000001 6.1825 5.9782692307692304
162 13 5.492500000000001 7.317500000000001 6.0880769230769225
163 13 5.492500000000001 7.775 6.12326923076923
164 13 5.492500000000001 6.427499999999999 5.986538461538462
165 13 5.492500000000001 6.130000000000001 5.929230769230769
166 13 5.492500000000001 6.042500000000001 5.8561538461538465
167 13 5.492500000000001 7.745 6.080384615384616
168 13 5.492500000000001 37.83999999999999 8.677884615384615
169 13 5.492500000000001 10.787500000000001 6.333846153846154
170 13 5.492500000000001 41.2225 8.54
171 13 5.492500000000001 36.614999999999995 8.149230769230769
172 13 5.492500000000001 6.027500000000002 5.796346153846154
173 13 5.492500000000001 6.4125 5.825961538461538
174 13 5.492500000000001 5.995000000000001 5.770384615384615
175 13 5.492500000000001 38.565 10.560384615384615
176 13 5.492500000000001 35.43499999999999 8.313653846153846
177 13 5.492500000000001 35.654999999999994 8.592692307692307
178 13 5.492500000000001 6.8275 5.827500000000001
179 13 5.492500000000001 10.0925 6.0925
180 13 5.492500000000001 5.94 5.702692307692308
181 13 5.492500000000001 36.6975 8.128846153846153
182 13 5.492500000000001 37.635 8.217884615384616
183 13 5.492500000000001 5.875000000000001 5.680384615384615
184 13 5.492500000000001 11.6975 6.2725
185 13 5.492500000000001 8.7775 5.908653846153846
186 13 5.492500000000001 7.512499999999999 5.8094230769230775
187 13 5.492500000000001 41.61249999999999 10.704038461538461
188 13 5.492500000000001 7.74 5.827307692307693
189 13 5.492500000000001 6.6575 5.723076923076923
190 13 5.492500000000001 37.7325 8.230192307692308
191 13 5.492500000000001 9.792500000000002 6.116346153846154
192 13 5.492500000000001 8.7525 6.019423076923077
193 13 5.39 5.987500000000001 5.6376923076923084
194 13 5.39 37.779999999999994 8.389423076923077
195 13 5.3675000000000015 10.0 5.916923076923077
196 13 5.3675000000000015 6.09 5.628076923076923
197 13 5.3675000000000015 5.7125 5.54576923076923
198 13 5.3675000000000015 35.73499999999999 7.871923076923076
199 13 5.3675000000000015 35.635 7.980384615384614
200 13 5.3675000000000015 41.565 8.36076923076923
201 13 5.3675000000000015 5.9 5.546346153846153
202 13 5.3675000000000015 35.69 8.030384615384616
203 13 5.3675000000000015 8.1925 5.713269230769232
204 13 5.3675000000000015 37.58749999999999 8.43173076923077
205 13 5.3675000000000015 6.437500000000001 5.574038461538462
206 13 5.3675000000000015 38.614999999999995 8.344615384615384
207 13 5.3675000000000015 38.692499999999995 8.22826923076923
208 13 5.3675000000000015 38.394999999999996 8.104807692307691
209 13 5.3675000000000015 6.9125000000000005 5.663846153846153
210 13 5.3675000000000015 38.42 8.26923076923077
211 13 5.3675000000000015 6.675 5.611730769230769
212 13 5.3675000000000015 6.640000000000001 5.672115384615385
213 13 5.3675000000000015 5.61 5.507500000000001
214 13 5.3675000000000015 36.0475 8.075769230769232
215 13 5.3675000000000015 5.655 5.499230769230769
216 13 5.3675000000000015 37.56999999999999 8.035576923076922
217 13 5.3675000000000015 10.197500000000002 5.849615384615385
218 13 5.3675000000000015 39.302499999999995 10.533846153846154
219 13 5.3675000000000015 6.6325 5.586153846153847
220 13 5.3675000000000015 35.69 7.806346153846155
221 13 5.3675000000000015 35.7125 7.88019230769231
222 13 5.3675000000000015 5.65 5.485384615384614
223 13 5.3675000000000015 6.0725 5.526346153846154
224 13 5.3675000000000015 38.192499999999995 8.127115384615385
225 13 5.3675000000000015 11.5825 6.014230769230769
226 13 5.3675000000000015 5.545000000000001 5.468461538461539
227 13 5.3675000000000015 38.334999999999994 8.193461538461538
228 13 5.3675000000000015 38.175 7.973076923076923
229 13 5.3675000000000015 35.99999999999999 8.261538461538462
230 13 5.3675000000000015 8.7525 5.781538461538462
231 13 5.3675000000000015 6.2225 5.588461538461539
232 13 5.3675000000000015 37.245 7.927692307692308
233 13 5.3675000000000015 7.3675000000000015 5.754230769230769
234 13 5.3675000000000015 7.325000000000001 5.599615384615385
235 13 5.3375 5.52 5.429423076923077
236 13 5.3375 9.295 5.77826923076923
237 13 5.300000000000001 9.342500000000001 5.724230769230768
238 13 5.300000000000001 37.595 7.897500000000002
239 13 5.215000000000001 37.4175 7.850384615384616
240 13 5.215000000000001 11.3025 5.826153846153848
241 13 5.215000000000001 9.49 5.967884615384618
242 13 5.215000000000001 5.65 5.391346153846154
243 13 5.215000000000001 6.442500000000001 5.466153846153846
244 13 5.215000000000001 7.3675000000000015 5.546153846153847
245 13 5.215000000000001 9.1725 5.803076923076924
246 13 5.215000000000001 5.4750000000000005 5.373846153846155
247 13 5.215000000000001 42.457499999999996 8.449423076923079
248 13 5.215000000000001 7.4750000000000005 5.522307692307693
249 13 5.215000000000001 5.43 5.354038461538462
250 13 5.215000000000001 5.705000000000001 5.378269230769231
251 13 5.215000000000001 8.492500000000001 5.5926923076923085
252 13 5.215000000000001 37.2925 8.039807692307694
253 13 5.215000000000001 7.470000000000001 5.5003846153846165
254 13 5.215000000000001 7.300000000000001 5.491730769230769
255 13 5.215000000000001 7.215000000000001 5.498653846153847
256 13 5.215000000000001 35.415 8.030384615384616
257 13 5.215000000000001 6.437500000000001 5.417115384615386
258 13 5.215000000000001 5.4750000000000005 5.336153846153848
259 13 5.215000000000001 9.360000000000001 5.641538461538463
260 13 5.215000000000001 5.582500000000001 5.351346153846155
261 13 5.215000000000001 6.6375 5.432115384615386
262 13 5.215000000000001 35.47 7.644615384615386
263 13 5.215000000000001 38.4375 7.865192307692309
264 13 5.215000000000001 7.4750000000000005 5.488653846153847
265 13 5.215000000000001 41.565 8.106730769230769
266 13 5.215000000000001 6.2875000000000005 5.379038461538462
267 13 5.215000000000001 7.4750000000000005 5.478269230769232
268 13 5.215000000000001 37.54 10.232884615384616
269 13 5.215000000000001 7.215000000000001 5.438653846153847
270 13 5.215000000000001 9.482500000000002 5.920384615384616
271 13 5.215000000000001 7.610000000000001 5.485576923076924
272 13 5.215000000000001 10.455 5.799230769230769
273 13 5.215000000000001 36.4375 7.7130769230769225
274 13 5.215000000000001 11.342500000000001 6.006346153846153
275 13 5.215000000000001 9.342500000000001 5.698653846153846
276 13 5.215000000000001 41.48499999999999 8.17153846153846
277 13 5.215000000000001 5.4750000000000005 5.326730769230769
278 13 5.215000000000001 6.465000000000001 5.408269230769231
279 13 5.215000000000001 38.192499999999995 8.090961538461539
280 13 5.215000000000001 37.582499999999996 8.119038461538462
281 13 5.215000000000001 38.587500000000006 10.439615384615385
282 13 5.215000000000001 7.300000000000001 5.571346153846155
283 13 5.215000000000001 37.47 10.254999999999999
284 13 5.215000000000001 8.1925 5.535384615384616
285 13 5.215000000000001 37.36749999999999 8.001923076923077
286 13 5.215000000000001 38.31249999999999 8.000576923076922
287 13 5.215000000000001 35.214999999999996 7.597884615384616
288 13 5.215000000000001 5.582500000000001 5.31596153846154
289 13 5.215000000000001 9.500000000000002 5.8292307692307705
290 13 5.215000000000001 35.51499999999999 7.6213461538461535
291 13 5.215000000000001 9.3275 5.586923076923077
292 13 5.215000000000001 7.470000000000001 5.452307692307693
293 13 5.215000000000001 9.465000000000002 5.61
294 13 5.215000000000001 35.464999999999996 7.697692307692308
295 13 5.215000000000001 7.3675000000000015 5.585576923076924
296 13 5.215000000000001 6.527500000000001 5.400576923076924
297 13 5.215000000000001 37.582499999999996 7.761923076923077
298 13 5.215000000000001 5.6450000000000005 5.29576923076923
299 13 5.215000000000001 9.682500000000001 5.931538461538461
300 13 5.215000000000001 38.192499999999995 7.8100000000000005
301 13 5.215000000000001 41.654999999999994 8.537115384615385
302 13 5.08 5.582500000000001 5.2711538461538465
303 13 5.08 38.2525 7.957115384615386
304 13 5.08 37.214999999999996 8.15923076923077
305 13 5.08 37.582499999999996 7.907884615384616
306 13 5.0725 7.577500000000001 5.417307692307693
307 13 5.0725 5.7625 5.283653846153846
308 13 5.0725 38.4375 7.78596153846154
309 13 5.0725 5.582500000000001 5.24173076923077
310 13 5.0725 35.214999999999996 7.965192307692309
311 13 5.0725 6.2175 5.354230769230769
312 13 5.0725 8.437500000000002 5.483076923076924
313 13 5.0725 9.345000000000002 5.536346153846155
314 13 5.0725 37.36749999999999 7.775576923076924
315 13 5.0725 37.69 8.044615384615385
316 13 5.0725 9.255 5.553269230769232
317 13 5.08 6.192500000000001 5.3286538461538475
318 13 5.08 35.2925 7.7030769230769245
319 13 5.08 38.6575 10.285384615384617
320 13 5.08 38.4375 8.113653846153847
321 13 5.08 39.3625 8.079615384615385
322 13 5.08 9.342500000000001 5.561346153846155
323 13 5.08 8.6575 5.650961538461539
324 13 5.08 37.51499999999999 10.188461538461537
325 13 5.08 5.610000000000001 5.268461538461539
326 13 5.08 9.0025 5.551923076923078
327 13 5.08 7.3675000000000015 5.426346153846155
328 13 5.08 9.345000000000002 5.639615384615387
329 13 5.08 9.565000000000003 5.881538461538463
330 13 4.995 7.1225000000000005 5.365192307692309
331 13 4.995 9.627500000000003 5.552307692307694
332 13 4.995 11.342500000000001 5.697307692307692
333 13 4.995 5.577500000000001 5.234230769230769
334 13 4.995 7.215 5.3701923076923075
335 13 4.995 37.31 7.68519230769231
336 13 4.995 5.5125 5.239230769230769
337 13 4.995 9.510000000000002 5.546730769230769
338 13 4.995 7.5875 5.398846153846154
339 13 4.995 11.2225 5.678461538461538
340 13 4.995 36.459999999999994 7.619807692307694
341 13 4.995 5.422499999999999 5.2225
342 13 4.995 5.2925 5.203653846153847
343 13 4.995 9.342500000000001 5.515192307692308
344 13 4.995 11.565000000000001 5.686153846153847
345 13 4.995 5.2925 5.203653846153847
346 13 4.995 5.2925 5.2007692307692315
347 13 4.995 6.592500000000001 5.300769230769232
348 13 4.995 11.465000000000002 5.680769230769231
349 13 4.995 39.135 10.142307692307694
350 13 4.995 37.58749999999999 7.704038461538463
351 13 4.995 9.345000000000002 5.526538461538463
352 13 4.995 37.43 7.976538461538463
353 13 4.995 35.47 9.840769230769231
354 13 4.995 8.8075 5.482115384615384
355 13 4.995 35.724999999999994 7.580769230769233
356 13 4.995 9.6 5.562692307692307
357 13 4.995 37.2925 9.966730769230772
358 13 4.995 35.434999999999995 7.848076923076925
359 13 4.995 39.345 7.82846153846154
360 13 4.995 5.397500000000001 5.205192307692308
361 13 4.995 36.455 7.596730769230771
362 13 4.995 9.685000000000002 5.651346153846154
363 13 4.995 5.362500000000001 5.19923076923077
364 13 4.995 5.65 5.235
365 13 4.995 37.147499999999994 7.657884615384617
366 13 4.995 35.214999999999996 7.50923076923077
367 13 4.995 37.3625 7.691346153846156
368 13 4.995 5.4350000000000005 5.235384615384616
369 13 4.995 9.5825 5.554423076923077
370 13 4.995 7.080000000000001 5.361923076923077
371 13 4.995 5.4350000000000005 5.235
372 13 4.995 7.5875 5.433653846153846
373 13 4.995 7.694999999999999 5.412115384615385
374 13 4.995 38.54999999999999 10.276923076923076
375 13 4.995 6.865 5.449807692307692
376 13 4.995 6.930000000000001 5.4496153846153845
377 13 4.995 10.25 5.6
378 13 4.995 7.547499999999999 5.450769230769231
379 13 4.995 6.6674999999999995 5.383076923076923
380 13 4.995 6.192500000000001 5.266153846153847
381 13 4.995 37.405 9.953076923076923
382 13 4.995 37.622499999999995 7.709038461538463
383 13 4.995 5.655000000000001 5.224807692307692
384 13 4.995 7.212500000000001 5.410769230769231
385 13 4.995 5.87 5.280384615384615
386 13 4.995 12.142500000000002 5.729038461538461
387 13 4.995 36.2175 7.563269230769231
388 13 4.995 35.214999999999996 7.4665384615384625
389 13 4.995 9.017500000000002 5.628269230769231
390 13 4.995 35.6425 7.503653846153847
391 13 4.995 41.5825 7.965769230769232
392 13 4.995 6.7775 5.305384615384615
393 13 4.995 38.6575 7.775576923076925
394 13 4.995 42.302499999999995 8.086538461538463
395 13 4.995 11.222499999999998 5.947115384615385
396 13 4.995 37.25 7.698269230769232
397 13 4.995 37.68999999999999 7.679615384615387
398 13 4.995 39.262499999999996 7.8415384615384625
399 13 4.995 6.692500000000002 5.341153846153848
400 13 4.995 11.2225 5.634615384615385
401 13 4.995 5.25 5.154038461538462
402 13 4.995 6.6625 5.274423076923076
403 13 4.927500000000001 5.25 5.136538461538461
404 13 4.8725000000000005 6.775 5.2275
405 13 4.86 5.215000000000001 5.069423076923077
406 13 4.86 41.125 7.827115384615384
407 13 4.86 38.412499999999994 9.927307692307693
408 13 4.86 5.3675000000000015 5.086346153846154
409 13 4.86 37.254999999999995 7.9851923076923095
410 13 4.86 6.657500000000001 5.219615384615385
411 13 4.86 6.0325 5.16173076923077
412 13 4.86 9.565000000000003 5.441923076923077
413 13 4.86 9.125000000000002 5.400192307692308
414 13 4.86 8.702500000000002 5.476346153846153
415 13 4.86 36.455 7.7373076923076916
416 13 4.86 39.442499999999995 10.29519230769231
417 13 4.86 38.864999999999995 10.250769230769233
418 13 4.86 6.19 5.179807692307692
419 13 4.86 38.0325 7.586153846153847
420 13 4.86 36.852500000000006 7.615384615384615
421 13 4.86 9.602500000000003 5.394038461538462
422 13 4.86 37.36749999999999 7.5567307692307715
423 13 4.86 37.7825 7.561730769230771
424 13 4.86 5.2675 5.056730769230769
425 13 4.86 37.0725 7.492115384615385
426 13 4.86 40.8775 7.775
427 13 4.86 41.41 7.9067307692307685
428 13 4.86 37.15 7.579038461538461
429 13 4.775 7.43 5.173269230769231
430 13 4.775 10.092500000000003 5.442115384615385
431 13 4.775 9.0025 5.293846153846153
432 13 4.775 9.022499999999999 5.418461538461537
433 13 4.775 6.385000000000001 5.099423076923076
434 13 4.775 5.2675 5.013461538461538
435 13 4.775 38.167500000000004 7.54423076923077
436 13 4.775 41.9725 7.836923076923077
437 13 4.775 5.147500000000001 5.003846153846154
438 13 4.775 6.015000000000001 5.092499999999999
439 13 4.775 10.127500000000001 5.410961538461537
440 13 4.775 10.092500000000003 5.40826923076923
441 13 4.775 38.442499999999995 7.589038461538463
442 13 4.775 6.0075 5.094038461538461
443 13 4.775 37.07999999999999 7.484230769230769
444 13 4.775 6.235 5.11153846153846
445 13 4.775 7.215000000000001 5.186923076923076
446 13 4.775 5.455 5.013653846153845
447 13 4.775 7.422499999999999 5.2113461538461525
448 13 4.775 5.180000000000001 4.990576923076923
449 13 4.775 35.1175 7.600961538461538
450 13 4.775 36.2175 7.490384615384615
451 13 4.775 6.1475 5.143461538461538
452 13 4.775 9.262500000000001 5.28326923076923
453 13 4.775 38.2125 7.496153846153846
454 13 4.775 5.820000000000001 5.041923076923076
455 13 4.775 35.88 7.374038461538462
456 13 4.775 7.209999999999999 5.122115384615384
457 13 4.775 5.052500000000001 4.918269230769231
458 13 4.775 6.9825 5.066730769230769
459 13 4.775 5.43 4.9648076923076925
460 13 4.775 5.055 4.924423076923077
461 13 4.775 9.680000000000001 5.3126923076923065
462 13 4.775 37.47 7.656346153846153
463 13 4.775 8.780000000000001 5.223461538461537
464 13 4.775 36.959999999999994 7.4557692307692305
465 13 4.775 7.2025 5.166730769230768
466 13 4.775 10.32 5.406538461538461
467 13 4.775 34.897499999999994 7.328076923076923
468 13 4.775 6.015000000000001 5.075384615384615
469 13 4.775 38.227500000000006 7.586346153846154
470 13 4.775 4.995 4.899615384615385
471 13 4.775 7.97 5.117692307692308
472 13 4.775 7.7125 5.1286538461538465
473 13 4.775 10.367500000000001 5.332884615384615
474 13 4.775 5.945 4.992692307692308
475 13 4.775 37.2025 7.397115384615385
476 13 4.775 7.0475 5.0775
477 13 4.775 5.362500000000001 4.908653846153847
478 13 4.827500000000001 11.1025 5.677499999999999
479 13 4.757500000000001 4.995 4.878076923076923
480 13 4.757500000000001 9.21 5.231346153846155
481 13 4.757500000000001 5.7875000000000005 4.930961538461539
482 13 4.757500000000001 36.6325 7.307884615384617
483 13 4.757500000000001 36.24 7.529423076923077
484 13 4.757500000000001 9.062500000000002 5.200000000000001
485 13 4.757500000000001 37.04749999999999 9.667692307692308
486 13 4.757500000000001 4.9825 4.86
487 13 4.757500000000001 37.92750000000001 7.829423076923078
488 13 4.757500000000001 10.5625 5.3567307692307695
489 13 4.757500000000001 6.145 4.945384615384616
490 13 4.757500000000001 9.8275 5.305576923076923
491 13 4.757500000000001 35.660000000000004 7.660769230769232
492 13 4.757500000000001 34.93 7.455961538461538
493 13 4.6325 10.700000000000001 5.275384615384615
494 13 4.6325 7.66 5.047884615384616
495 13 4.6325 36.9825 7.31596153846154
496 13 4.6325 4.942500000000001 4.838076923076923
497 13 4.6325 8.030000000000001 5.077500000000001
498 13 4.6325 35.635 7.208269230769233
499 13 4.6325 35.652499999999996 7.209615384615385
500 13 4.6325 6.6775 4.964423076923078
501 13 4.6325 34.77 7.395769230769233
502 13 4.6325 6.832500000000001 4.960769230769231
503 13 4.6325 37.78750000000001 7.346538461538464
504 13 4.6325 8.7825 5.385769230769232
505 13 4.6325 37.904999999999994 9.667307692307691
506 13 4.6325 4.8975 4.7936538461538465
507 13 4.6325 6.6325 4.999615384615386
508 13 4.6325 8.765 5.1636538461538475
509 13 4.6325 5.795000000000001 4.860769230769232
510 13 4.6325 34.6775 7.073076923076924
511 13 4.6325 36.7425 7.231923076923077
512 13 4.6325 4.9825 4.779230769230771
513 13 4.6325 5.795000000000001 4.83846153846154
514 13 4.6325 5.7875000000000005 4.837884615384617
515 13 4.6325 4.832500000000001 4.741346153846155
516 13 4.6325 34.684999999999995 7.123846153846155
517 13 4.6325 8.842500000000001 5.034807692307694
518 13 4.6325 35.635 7.099230769230771
519 13 4.6325 10.5625 5.236153846153848
520 13 4.6325 6.970000000000001 4.9598076923076935
521 13 4.6325 8.6625 5.029615384615386
522 13 4.6325 34.667500000000004 7.030000000000002
523 13 4.6325 4.9825 4.738076923076924
524 13 4.6325 5.7875000000000005 4.792500000000001
525 13 4.6325 4.922500000000001 4.74423076923077
526 13 4.6325 36.762499999999996 7.1934615384615395
527 13 4.6325 35.795 7.112115384615385
528 13 4.6325 37.7825 7.647692307692309
529 13 4.6325 37.7075 7.25923076923077
530 13 4.6325 6.8325000000000005 4.891538461538463
531 13 4.6325 11.82 5.276538461538464
532 13 4.6325 37.592499999999994 9.573653846153848
533 13 4.6325 37.7075 7.335192307692309
534 13 4.6325 6.8100000000000005 4.977115384615386
535 13 4.6325 5.795000000000001 4.820000000000001
536 13 4.6325 8.6625 5.038461538461539
537 13 4.6325 4.9825 4.738076923076924
538 13 4.6325 40.662499999999994 7.494615384615385
539 13 4.6325 34.6675 7.02423076923077
540 13 4.6325 36.809999999999995 9.632307692307693
541 13 4.6325 5.795000000000001 4.807884615384617
542 13 4.6325 4.922500000000001 4.7407692307692315
543 13 4.6325 8.75 5.10173076923077
544 13 4.6325 36.982499999999995 7.273461538461539
545 13 4.6325 40.82249999999999 9.876538461538464
546 13 4.6325 5.905000000000001 4.831923076923077
547 13 4.6325 4.922500000000001 4.7225
548 13 4.6325 34.809999999999995 7.178653846153845
549 13 4.6325 36.9225 7.197307692307693
550 13 4.6325 6.697500000000001 4.9225
551 13 4.6325 8.840000000000002 5.311153846153847
552 13 4.6325 8.0275 5.052307692307693
553 13 4.6325 35.7075 7.166346153846155
554 13 4.625000000000001 4.7975 4.698653846153847
555 13 4.625000000000001 36.627500000000005 7.449038461538464
556 13 4.625000000000001 8.822500000000002 5.009230769230769
557 13 4.625000000000001 8.9 5.000961538461539
558 13 4.625000000000001 4.832500000000001 4.680769230769231
559 13 4.625000000000001 8.822500000000002 5.0059615384615395
560 13 4.625000000000001 34.6775 7.006923076923077
561 13 4.625000000000001 8.755 5.14923076923077
562 13 4.625000000000001 39.05250000000001 7.479807692307694
563 13 4.625000000000001 36.79749999999999 7.3225
564 13 4.625000000000001 6.7425 4.866153846153846
565 13 4.625000000000001 37.822500000000005 7.236730769230771
566 13 4.625000000000001 36.714999999999996 7.3075
567 13 4.625000000000001 34.88499999999999 6.998076923076923
568 13 4.625000000000001 6.950000000000001 4.910769230769231
569 13 4.625000000000001 6.697500000000001 4.827115384615385
570 13 4.625000000000001 5.782500000000001 4.82423076923077
571 13 4.625000000000001 6.692500000000001 4.894230769230769
572 13 4.625000000000001 34.9825 7.006923076923077
573 13 4.625000000000001 39.76 7.374423076923078
574 13 4.625000000000001 40.44499999999999 7.428461538461539
575 13 4.625000000000001 7.7075 4.9101923076923075
576 13 4.625000000000001 8.780000000000001 5.068846153846154
577 13 4.625000000000001 8.7025 5.2846153846153845
578 13 4.625000000000001 35.78249999999999 9.373076923076924
579 13 4.625000000000001 8.825000000000001 5.274423076923077
580 13 4.625000000000001 5.795000000000001 4.763076923076924
581 13 4.625000000000001 8.6625 4.9782692307692304
582 13 4.625000000000001 36.92249999999999 7.311346153846154
583 13 4.625000000000001 4.94 4.697692307692308
584 13 4.625000000000001 8.857500000000002 4.988653846153847
585 13 4.625000000000001 37.78750000000001 7.595576923076924
586 13 4.625000000000001 6.9825 5.017692307692308
587 13 4.625000000000001 36.95250000000001 7.176538461538462
588 13 4.625000000000001 4.922500000000001 4.697307692307692
589 13 4.625000000000001 9.707500000000001 5.065384615384616
590 13 4.625000000000001 7.8275 4.920769230769231
591 13 4.625000000000001 36.68749999999999 7.142692307692307
592 13 4.625000000000001 37.78750000000001 7.2244230769230775
593 13 4.625000000000001 8.822500000000002 4.983653846153847
594 13 4.625000000000001 34.824999999999996 7.281153846153846
595 13 4.625000000000001 8.6525 4.964230769230769
596 13 4.625000000000001 4.9825 4.681923076923077
597 13 4.625000000000001 38.44499999999999 9.734807692307692
598 13 4.625000000000001 36.935 7.174038461538464
599 13 4.625000000000001 36.99 9.46769230769231
600 13 4.625000000000001 34.905 7.105384615384617
601 13 4.625000000000001 4.9350000000000005 4.688846153846154
602 13 4.625000000000001 4.9825 4.686153846153847
603 13 4.625000000000001 4.845000000000001 4.675576923076923
604 13 4.625000000000001 8.7025 5.2694230769230765
605 13 4.625000000000001 4.715000000000001 4.656346153846155
606 13 4.625000000000001 36.8325 7.239615384615386
607 13 4.625000000000001 36.627500000000005 7.414807692307694
608 13 4.625000000000001 8.645 5.114807692307693
609 13 4.625000000000001 5.8725000000000005 4.817500000000001
610 13 4.625000000000001 10.445 5.105769230769232
611 13 4.625000000000001 10.700000000000001 5.116346153846155
612 13 4.625000000000001 34.8975 7.206153846153847
613 13 4.625000000000001 8.665000000000001 5.000000000000001
614 13 4.625000000000001 4.922500000000001 4.677500000000001
615 13 4.625000000000001 40.662499999999994 7.426730769230771
616 13 4.625000000000001 4.9825 4.685192307692309
617 13 4.625000000000001 36.94999999999999 7.134038461538461
618 13 4.625000000000001 8.045 5.073461538461539
619 13 4.625000000000001 36.85249999999999 7.455576923076923
620 13 4.625000000000001 5.812500000000001 4.738269230769232
621 13 4.625000000000001 41.06249999999999 10.080961538461537
622 13 4.625000000000001 41.06249999999999 10.080961538461537
623 13 4.625000000000001 4.945000000000001 4.689807692307693
624 13 4.597499999999999 5.097500000000001 4.676538461538462
625 13 4.597499999999999 37.16999999999999 7.466538461538461
626 13 4.597499999999999 34.81 7.046923076923077
627 13 4.597499999999999 5.6775 4.744038461538462
628 13 4.597499999999999 6.7425 4.812692307692308
629 13 4.597499999999999 37.592499999999994 7.4744230769230775
630 13 4.597499999999999 8.6275 4.957692307692308
631 13 4.597499999999999 5.165000000000001 4.679038461538462
632 13 4.597499999999999 40.7175 7.5175
633 13 4.597499999999999 8.765 5.0734615384615385
634 13 4.597499999999999 10.445 5.113076923076923
635 13 4.597499999999999 8.445 5.1025
636 13 4.597499999999999 5.175000000000001 4.712692307692309
637 13 4.597499999999999 35.94999999999999 7.0582692307692305
638 13 4.597499999999999 36.63249999999999 7.403076923076922
639 13 4.597499999999999 36.815 7.43403846153846
640 13 4.597499999999999 8.6275 4.980769230769231
641 13 4.597499999999999 4.87 4.672115384615385
642 13 4.597499999999999 40.44499999999999 7.501346153846155
643 13 4.597499999999999 7.7875000000000005 4.918461538461539
644 13 4.597499999999999 35.58749999999999 7.245384615384615
645 13 4.597499999999999 4.8525 4.669038461538462
646 13 4.597499999999999 35.7825 7.04903846153846
647 13 4.597499999999999 36.92249999999999 7.366730769230768
648 13 4.487500000000001 5.084999999999999 4.680769230769231
649 13 4.487500000000001 8.700000000000001 5.096346153846154
650 13 4.487500000000001 6.0325000000000015 4.738653846153847
651 13 4.487500000000001 6.697500000000001 4.789807692307692
652 13 4.487500000000001 40.44499999999999 9.823076923076922
653 13 4.487500000000001 37.415 7.612115384615383
654 13 4.487500000000001 34.70249999999999 7.4034615384615385
655 13 4.487500000000001 10.424999999999999 5.06923076923077
656 13 4.4775 8.825000000000001 4.928846153846154
657 13 4.4775 7.415 4.820384615384615
658 13 4.4775 37.92750000000001 7.1675
659 13 4.4775 6.9350000000000005 4.783461538461538
660 13 4.4775 40.44499999999999 7.3611538461538455
661 13 4.4775 36.4875 7.061923076923078
662 13 4.4775 5.897500000000001 4.708846153846154
663 13 4.4775 4.692499999999999 4.602307692307693
664 13 4.4775 5.795000000000001 4.775961538461538
665 13 4.4775 5.7875000000000005 4.709807692307693
666 13 4.4775 37.635 9.5275
667 13 4.4775 37.9925 9.554999999999998
668 13 4.4775 37.9925 9.554999999999998
669 13 4.4775 36.92249999999999 9.472692307692306
670 13 4.4775 35.717499999999994 7.221153846153846
671 13 4.4775 40.904999999999994 7.50653846153846
672 13 4.4775 6.495 4.859615384615385
673 13 4.4775 38.662499999999994 7.334038461538461
674 13 4.4775 9.042500000000002 5.055576923076924
675 13 4.4775 10.865 5.195769230769231
676 13 4.4775 5.9375 4.745961538461538
677 13 4.4775 37.90499999999999 7.18903846153846
678 13 4.4775 36.982499999999995 7.118076923076923
679 13 4.4775 4.8100000000000005 4.634615384615385
680 13 4.4775 8.424999999999999 4.99326923076923
681 13 4.4775 38.205 9.654615384615385
682 13 4.4775 9.852500000000001 5.118269230769231
683 13 4.4775 6.9175 4.821923076923077
684 13 4.4775 40.665 7.72403846153846
685 13 4.4775 8.8475 5.1219230769230775
686 13 4.4775 8.48 5.022115384615385
687 13 4.4775 4.9425 4.656923076923077
688 13 4.4775 35.69499999999999 7.321153846153847
689 13 4.4775 38.665 9.809807692307693
690 13 4.4775 6.6075 4.833846153846155
691 13 4.4775 11.084999999999999 5.40923076923077
692 13 4.4775 34.625 7.100769230769231
693 13 4.4775 9.067499999999999 5.134807692307693
694 13 4.4775 36.935 7.6025
695 13 4.4775 35.92499999999999 7.127115384615385
696 13 4.4775 37.0075 7.308076923076925
697 13 4.4775 36.947500000000005 7.303461538461542
698 13 4.4775 35.03 7.274038461538462
699 13 4.4775 6.8100000000000005 4.913461538461539
700 13 4.4775 37.64999999999999 7.197692307692308
701 13 4.4775 7.992500000000001 4.896923076923077
702 13 4.4775 38.00750000000001 7.263269230769233
703 13 4.4775 8.48 4.928846153846155
704 13 4.4775 36.762499999999996 9.488269230769232
705 13 4.4775 8.442499999999999 4.955
706 13 4.4775 40.44499999999999 9.84
707 13 4.4775 34.809999999999995 6.980384615384614
708 13 4.4775 9.930000000000003 5.049615384615385
709 13 4.4775 6.935000000000001 4.81923076923077
710 13 4.4775 37.99249999999999 9.52
711 13 4.4775 34.63249999999999 7.022307692307693
712 13 4.4775 35.855000000000004 7.047884615384617
713 13 4.4775 4.9175 4.6850000000000005
714 13 4.4775 8.947500000000002 4.979038461538462
715 13 4.4775 4.8100000000000005 4.6475
716 13 4.4775 34.89 7.0301923076923085
717 13 4.4775 6.54 4.849423076923077
718 13 4.4775 34.897499999999994 7.0307692307692315
719 13 4.4775 8.6275 5.010000000000001
720 13 4.4775 40.64499999999999 7.472884615384614
721 13 4.4775 37.855 7.25826923076923
722 13 4.4775 5.5925 4.726923076923077
723 13 4.4775 6.015000000000001 4.7575
724 13 4.4775 7.532500000000001 4.87423076923077
725 13 4.4775 36.6775 7.116153846153848
726 13 4.4775 34.684999999999995 6.962884615384616
727 13 4.4775 34.684999999999995 6.962884615384616
728 13 4.4775 36.487500000000004 7.101538461538463
729 13 4.4775 4.9225 4.64
730 13 4.4775 7.635000000000001 5.010000000000001
731 13 4.4775 36.975 7.255769230769232
732 13 4.487500000000001 6.65 4.876730769230769
733 13 4.487500000000001 6.83 4.801923076923077
734 13 4.487500000000001 7.905000000000001 4.892307692307693
735 13 4.487500000000001 5.2375 4.671153846153846
736 13 4.487500000000001 5.01 4.670961538461538
737 13 4.487500000000001 34.589999999999996 7.400192307692309
738 13 4.487500000000001 40.93499999999999 7.668846153846153
739 13 4.487500000000001 7.750000000000001 4.906923076923077
740 13 4.487500000000001 6.7975 4.8769230769230765
741 13 4.487500000000001 34.809999999999995 6.961923076923076
742 13 4.487500000000001 6.000000000000001 4.757307692307692
743 13 4.487500000000001 36.7675 7.107307692307693
744 13 4.487500000000001 4.995 4.66326923076923
745 13 4.487500000000001 36.94999999999999 7.116923076923078
746 13 4.487500000000001 7.795000000000001 5.040192307692308
747 13 4.487500000000001 36.79749999999999 7.522884615384616
748 13 4.487500000000001 7.927499999999999 5.038269230769231
749 13 4.487500000000001 6.697500000000001 4.860576923076923
750 13 4.487500000000001 5.9275 4.736153846153847
751 13 4.487500000000001 11.860000000000003 5.269615384615387
752 13 4.487500000000001 37.794999999999995 9.721153846153847
753 13 4.487500000000001 10.717500000000001 5.541153846153847
754 13 4.487500000000001 37.56999999999999 9.480961538461539
755 13 4.487500000000001 37.56999999999999 9.480961538461539
756 13 4.487500000000001 36.79749999999999 9.421538461538463
757 13 4.487500000000001 34.809999999999995 7.101923076923078
758 13 4.487500000000001 8.865 5.247307692307694
759 13 4.487500000000001 37.67749999999999 7.405576923076922
760 13 4.487500000000001 34.464999999999996 7.110576923076924
761 13 4.487500000000001 7.8875 4.893269230769231
762 13 4.487500000000001 37.38999999999999 7.167307692307693
763 13 4.487500000000001 9.920000000000003 5.189615384615385
764 13 4.487500000000001 37.99249999999999 7.2773076923076925
765 13 4.487500000000001 41.179999999999986 7.494230769230769
766 13 4.487500000000001 35.03 7.117884615384615
767 13 4.487500000000001 6.045000000000001 4.745
768 13 4.487500000000001 7.897500000000001 4.97173076923077
769 13 4.487500000000001 8.825000000000001 5.0430769230769235
770 13 4.487500000000001 34.63249999999999 7.032884615384615
771 13 4.487500000000001 5.992500000000001 4.829807692307693
772 13 4.487500000000001 8.7025 5.038269230769231
773 13 4.487500000000001 37.81249999999999 7.193269230769231
774 13 4.487500000000001 4.9300000000000015 4.663846153846154
775 13 4.487500000000001 6.612500000000001 4.850769230769232
776 13 4.487500000000001 8.7825 4.940576923076923
777 13 4.487500000000001 7.045000000000001 4.806538461538462
778 13 4.487500000000001 4.922500000000001 4.6540384615384625
779 13 4.487500000000001 5.3975 4.6878846153846165
780 13 4.487500000000001 36.087500000000006 7.0413461538461535
781 13 4.487500000000001 8.7575 4.933076923076924
782 13 4.487500000000001 40.445 7.447307692307693
783 13 4.487500000000001 36.8675 9.40173076923077
784 13 4.487500000000001 37.635 9.60076923076923
785 13 4.487500000000001 7.607500000000001 4.861538461538462
786 13 4.487500000000001 36.487500000000004 7.075769230769231
787 13 4.487500000000001 7.880000000000001 4.883846153846155
788 13 4.487500000000001 4.715000000000001 4.620769230769231
789 13 4.487500000000001 34.589999999999996 7.4084615384615375
790 13 4.487500000000001 4.6675 4.6084615384615395
791 13 4.487500000000001 4.845000000000001 4.624807692307693
792 13 4.487500000000001 35.90499999999999 7.336346153846151
793 13 4.487500000000001 7.875 4.870192307692308
794 13 4.487500000000001 34.684999999999995 7.009423076923076
795 13 4.487500000000001 34.535 7.334807692307691
796 13 4.487500000000001 5.3975 4.6686538461538465
797 13 4.487500000000001 6.102500000000001 4.829615384615385
798 13 4.487500000000001 8.0025 4.923076923076924
799 13 4.487500000000001 38.762499999999996 7.289230769230768
800 13 4.487500000000001 5.57 4.704807692307693
801 13 4.487500000000001 7.98 4.955192307692308
802 13 4.487500000000001 34.6325 6.918461538461537
803 13 4.487500000000001 35.864999999999995 7.042884615384614
804 13 4.487500000000001 36.589999999999996 7.1075
805 13 4.487500000000001 34.975 6.962115384615383
806 13 4.487500000000001 4.9825 4.660384615384616
807 13 4.487500000000001 36.412499999999994 7.077692307692306
808 13 4.487500000000001 40.55249999999999 7.447307692307691
809 13 4.487500000000001 8.832500000000001 4.938269230769231
810 13 4.487500000000001 37.855000000000004 7.495192307692307
811 13 4.487500000000001 34.685 7.0188461538461535
812 13 4.487500000000001 34.809999999999995 6.958076923076921
813 13 4.4125 4.6850000000000005 4.59423076923077
814 13 4.4125 5.607500000000001 4.665192307692308
815 13 4.4125 10.645 5.093653846153847
816 13 4.4125 5.635000000000001 4.705192307692308
817 13 4.4125 36.9525 7.426346153846152
818 13 4.4125 6.612500000000001 4.764423076923078
819 13 4.4125 35.415 6.9799999999999995
820 13 4.4125 36.464999999999996 7.211730769230768
821 13 4.4125 6.5075 4.740576923076924
822 13 4.4125 4.825000000000001 4.609807692307693
823 13 4.4125 36.515 7.030192307692308
824 13 4.4125 40.4275 7.71576923076923
825 13 4.4125 36.522499999999994 7.174038461538462
826 13 4.4125 36.404999999999994 9.335961538461538
827 13 4.4125 40.42499999999999 7.424230769230767
828 13 4.4125 40.42499999999999 7.424230769230767
829 13 4.4125 10.407499999999999 5.009038461538462
830 13 4.4125 10.685 5.034423076923077
831 13 4.4125 36.487500000000004 7.031538461538462
832 13 4.4125 34.412499999999994 6.91576923076923
833 13 4.4125 34.81 6.9084615384615375
834 13 4.4125 36.62499999999999 7.300769230769229
835 13 4.4125 41.90999999999999 9.9075
836 13 4.4125 4.885000000000001 4.596923076923077
837 13 4.4125 5.905000000000001 4.662115384615385
838 13 4.4125 34.4475 6.854423076923077
839 13 4.4125 40.482499999999995 7.318653846153846
840 13 4.4125 36.147499999999994 7.002115384615384
841 13 4.4125 5.635000000000001 4.655
842 13 4.4125 38.44499999999999 7.475576923076923
843 13 4.4125 41.04249999999999 7.528846153846152
844 13 4.4125 38.757499999999986 7.185192307692306
845 13 4.4125 36.245 9.359038461538459
846 13 4.4125 36.935 9.412115384615385
847 13 4.4125 10.645 5.035961538461539
848 13 4.4125 8.822500000000002 4.871923076923077
849 13 4.3950000000000005 4.625000000000001 4.52
850 13 4.3950000000000005 8.7025 4.845
851 13 4.3950000000000005 38.207499999999996 7.100384615384616
852 13 4.3950000000000005 6.697500000000001 4.747115384615384
853 13 4.3950000000000005 37.415 9.489423076923076
854 13 4.3950000000000005 7.617500000000001 4.736730769230769
855 13 4.3950000000000005 34.589999999999996 6.971730769230769
856 13 4.3950000000000005 7.6775 4.7384615384615385
857 13 4.3950000000000005 37.15249999999999 7.286923076923076
858 13 4.3950000000000005 37.78249999999999 7.518076923076924
859 13 4.3950000000000005 5.1775 4.536153846153845
860 13 4.3950000000000005 36.809999999999995 7.026538461538461
861 13 4.3950000000000005 38.80249999999999 7.149230769230769
862 13 4.3950000000000005 36.4775 6.948076923076924
863 13 4.245 6.77 4.633076923076922
864 13 4.245 6.77 4.633076923076922
865 13 4.245 5.880000000000001 4.66
866 13 4.245 40.427499999999995 9.526538461538461
867 13 4.245 34.535 7.112692307692308
868 13 4.245 6.4125 4.634230769230769
869 13 4.245 36.387499999999996 9.21576923076923
870 13 4.245 4.7075000000000005 4.459615384615384
871 13 4.245 37.38749999999999 9.304230769230768
872 13 4.245 4.702500000000001 4.451538461538461
873 13 4.245 41.3 7.355000000000002
874 13 4.245 5.992500000000001 4.639038461538461
875 13 4.245 5.415 4.533076923076922
876 13 4.245 7.2675 4.675576923076922
877 13 4.245 40.382499999999986 9.67153846153846
878 13 4.245 36.122499999999995 6.931346153846153
879 13 4.245 35.67749999999999 6.861346153846153
880 13 4.245 36.2675 7.346923076923076
881 13 4.245 6.425 4.638076923076922
882 13 4.245 6.9125000000000005 4.817307692307692
883 13 4.245 35.519999999999996 6.870192307692307
884 13 4.245 4.697500000000001 4.4873076923076916
885 13 4.245 6.807500000000001 4.70903846153846
886 13 4.245 34.2275 6.8182692307692285
887 13 4.245 8.33 4.837884615384615
888 13 3.99 7.4174999999999995 4.643076923076922
889 13 3.99 4.614999999999999 4.399038461538461
890 13 3.99 4.562500000000001 4.395
891 13 3.99 5.635000000000001 4.4775
892 13 3.99 8.467500000000001 4.695384615384615
893 13 3.99 7.1775 4.596153846153846
894 13 3.99 34.21 6.6925
895 13 3.99 4.63 4.41
896 13 3.99 6.3675 4.5217307692307696
897 13 3.99 34.565 6.69076923076923
898 13 3.99 5.58 4.440961538461538
899 13 3.99 4.687500000000001 4.371923076923077
900 13 3.99 4.5424999999999995 4.349615384615384
901 13 3.99 37.07999999999999 6.8525
902 13 3.99 4.4775 4.339230769230769
903 13 3.99 6.15 4.4575
904 13 3.99 39.785 9.625192307692306
905 13 3.99 38.004999999999995 7.203269230769229
906 13 3.99 8.08 4.623269230769231
907 13 3.99 34.512499999999996 6.653076923076923
908 13 3.99 36.70249999999999 6.838461538461538
909 13 3.99 8.2075 4.759230769230769
910 13 3.99 34.245 6.914423076923077
911 13 3.99 36.4775 9.270576923076922
912 13 3.99 36.4775 9.270576923076922
913 13 3.99 37.3975 7.173846153846153
914 13 3.99 10.260000000000002 5.025961538461538
915 13 3.99 37.1775 9.192307692307693
916 13 3.99 7.509999999999999 4.805192307692307
917 13 3.99 7.320000000000001 4.593846153846154
918 13 3.99 36.21 6.816153846153847
919 13 3.99 7.255000000000001 4.6207692307692305
920 13 3.99 37.177499999999995 9.334615384615384
921 13 3.99 36.46000000000001 9.18326923076923
922 13 3.99 4.6274999999999995 4.376730769230769
923 13 3.99 6.025 4.527307692307692
924 13 3.99 36.512499999999996 6.8725000000000005
925 13 3.99 37.3 6.92846153846154
926 13 3.99 34.57749999999999 6.68076923076923
927 13 3.99 8.407499999999999 4.6353846153846145
928 13 3.99 34.37 6.9399999999999995
929 13 3.99 36.482499999999995 6.796153846153847
930 13 3.99 6.2575 4.469423076923077
931 13 3.99 7.4750000000000005 4.549807692307692
932 13 3.99 9.7675 4.706923076923076
933 13 3.99 4.465 4.286346153846154
934 13 3.99 35.152499999999996 6.646923076923077
935 13 3.99 36.302499999999995 6.735384615384616
936 13 3.99 37.14499999999999 6.800192307692308
937 13 3.99 37.27749999999999 6.776730769230769
938 13 3.99 36.2575 6.690769230769231
939 13 3.99 36.12249999999999 6.739807692307692
940 13 3.99 5.237500000000001 4.3640384615384615
941 13 3.99 36.105 6.835192307692308
942 13 3.99 36.50499999999999 6.863653846153844
943 13 3.99 38.3125 6.886346153846156
944 13 3.99 9.375 4.7738461538461525
945 13 3.99 35.94749999999999 6.8178846153846155
946 13 3.99 10.315000000000001 4.994038461538461
947 13 3.99 36.23499999999999 6.987884615384616
948 13 3.99 5.4075 4.317692307692307
949 13 3.99 9.9875 4.67
950 13 3.99 34.209999999999994 6.5030769230769225
951 13 3.99 36.697500000000005 6.694423076923078
952 13 3.99 36.802499999999995 6.702500000000001
953 13 3.99 6.1375 4.483846153846153
954 13 3.99 35.92749999999999 6.89653846153846
955 13 3.99 6.2275 4.358076923076923
956 13 3.99 4.5275 4.193461538461539
957 13 3.99 38.982499999999995 6.843846153846154
958 13 3.99 36.262499999999996 6.684038461538462
959 13 3.99 10.315000000000001 4.627692307692308
960 13 3.9525 4.535 4.156346153846154
961 13 3.9525 34.302499999999995 6.446153846153845
962 13 3.9525 5.220000000000001 4.209038461538461
963 13 3.9525 6.1475 4.280384615384615
964 13 3.9525 8.25 4.459038461538461
965 13 3.9525 5.1775 4.2226923076923075
966 13 3.9525 6.5424999999999995 4.327692307692308
967 13 3.9525 36.037499999999994 6.59653846153846
968 13 3.9525 7.9875 4.438846153846153
969 13 3.9525 37.705 6.724807692307692
970 13 3.9525 5.1675 4.221923076923077
971 13 3.9525 36.41749999999999 6.625769230769229
972 13 3.9525 5.1525 4.22076923076923
973 13 3.9525 4.63 4.180576923076923
974 13 3.9525 5.090000000000001 4.2159615384615385
975 13 3.9525 4.4775 4.151923076923077
976 13 3.9525 34.095 6.4192307692307695
977 13 3.9525 37.152499999999996 6.654423076923076
978 13 3.9525 4.3225 4.115576923076922
979 13 3.9525 4.21 4.08576923076923
980 13 3.9025000000000003 4.19 4.062115384615384
981 13 3.9025000000000003 10.005 4.723461538461539
982 13 3.9025000000000003 6.9575000000000005 4.345576923076923
983 13 3.9025000000000003 39.96749999999999 6.803653846153844
984 13 3.9025000000000003 7.9675 4.479038461538462
985 13 3.9025000000000003 37.44 6.746153846153844
986 13 3.9025000000000003 35.99999999999999 6.505384615384615
987 13 3.9025000000000003 6.0425 4.205576923076923
988 13 3.9025000000000003 37.1775 6.749423076923078
989 13 3.9025000000000003 40.10999999999999 7.1234615384615365
990 13 3.9025000000000003 6.947500000000001 4.4399999999999995
991 13 3.9025000000000003 10.005 4.675192307692308
992 13 3.7849999999999997 6.245 4.27326923076923
993 13 3.7849999999999997 7.9675 4.405769230769231
994 13 3.7849999999999997 4.3100000000000005 4.052115384615385
995 13 3.7849999999999997 36.15 6.9075
996 13 3.7849999999999997 40.315000000000005 7.227884615384616
997 13 3.7849999999999997 9.537500000000001 4.753269230769231
998 13 3.7849999999999997 34.095 6.642307692307691
999 13 3.7849999999999997 37.5725 6.909807692307691


*******************************************************************************************
Iteracion NumIndividuos MejorFitness MejorGenotipo PeorFitness PeorGenotipo MediaFitness 
2017_09_25_19_12_51

00,12,1.73725,13.87375,10.896166666666666,11.488308878472225,3.389440791409731,17.53947061782974,4.252862715503593
01,12,1.73725,13.87375,10.786166666666665,11.24167054513889,3.352860054511505,17.357772373509214,4.214560959824115
02,12,1.73725,13.28125,10.324031249999999,10.737167901367188,3.276761801133428,16.746484380221517,3.9015781197784802
03,12,1.73725,13.24475,9.923072916666666,10.13416833452691,3.1834208541326907,16.16257779076674,3.683568042566592
04,12,1.73725,18.775375,10.383958333333332,15.53256242795139,3.9411371998385683,18.108587245016928,2.6593294216497387
05,12,1.73725,12.66475,9.351854166666666,8.340569569878474,2.8880044269146254,15.012342843419331,3.6913654899140003
06,12,1.73725,19.668124999999996,9.968052083333331,16.10073575119357,4.012572211336959,17.832693617553772,2.1034105491128923
07,12,1.73725,16.819312499999995,9.730651041666665,12.1150727223036,3.480671303398757,16.55276679632823,2.908535287005101
08,12,1.73725,11.476,8.15815625,8.563951642903644,2.9264230116139474,13.893945352763335,2.4223671472366624
09,12,1.73725,11.302249999999999,6.766552083333333,9.205322523980032,3.0340274428521625,12.713245871323572,0.8198582953430948
10,12,1.73725,10.0885,5.636416666666666,7.776395896050346,2.788618994421853,11.102109895733498,0.17072343759983521
11,12,1.73725,22.06275,6.604390625,27.484751600992837,5.24259016145577,16.87986734145331,-3.6710860914533106
12,12,1.73725,8.6078125,4.671578125,4.765580091227213,2.183020863671993,8.950299017797107,0.3928572322028936
13,12,1.73725,11.475750000000003,5.046442708333333,8.407113517225481,2.899502287846223,10.72946719251193,-0.6365817758452632
14,12,1.73725,6.3716875,3.8372604166666666,1.9322081463758682,1.3900389010297043,6.561736662684886,1.1127841706484465
15,12,1.73725,6.3084999999999996,3.6601927083333337,1.3795604618869357,1.174546917703561,5.962304667032313,1.3580807496343543
16,12,1.73725,14.5665625,4.776880208333333,12.207003120741104,3.4938521893092593,11.624830499379481,-2.071070082712815
17,12,1.73725,9.4681875,4.352015625000001,5.874033600992842,2.4236405676157595,9.102351137526888,-0.3983198875268874
18,12,1.73725,12.135375,4.57428125,8.691753968424484,2.9481780761047127,10.352710279165237,-1.2041477791652362
19,12,1.73725,9.435937500000001,3.8197187500000003,3.5441285934244817,1.8825856138365877,7.509586553119712,0.1298509468802882
20,12,1.73725,4.838000000000001,3.235890625,0.6247390716959639,0.790404372265212,4.785083194639816,1.6866980553601847
21,12,1.73725,10.717375,3.7258385416666666,4.835177944308811,2.1989038051512875,8.03568999976319,-0.5840129164298569
22,12,1.73725,10.717375,3.7258385416666666,4.835177944308811,2.1989038051512875,8.03568999976319,-0.5840129164298569
23,12,1.73725,5.9063125,3.309859375,0.980113873779297,0.9900070069344444,5.250273108591511,1.3694456414084888
24,12,1.73725,10.855875000000001,3.7223229166666663,4.993386282443578,2.234588615929916,8.102116603889302,-0.6574707705559693
25,12,1.73725,4.3870000000000005,3.0301562499999997,0.5546268935546876,0.7447327665375598,4.489832472413617,1.5704800275863824
26,12,1.73725,3.79375,2.9279062499999995,0.3921580341796875,0.626225226399965,4.15530769374393,1.7005048062560681
27,12,1.73725,11.6865,3.585635416666667,6.289823634006076,2.507952079686946,8.50122149285308,-1.329950659519747
28,12,1.73725,4.3870000000000005,2.9936249999999998,0.5323255937500003,0.7296064649864339,4.42365367137341,1.5635963286265893
29,12,1.73725,12.533812500000002,4.306130208333333,12.24029735055881,3.4986136326491972,11.163412928325759,-2.551152511659093
30,12,1.73725,12.533812500000002,4.306130208333333,12.24029735055881,3.4986136326491972,11.163412928325759,-2.551152511659093
31,12,1.73725,17.9435,4.786104166666666,22.298812582899306,4.722161854796943,14.041541402068674,-4.469333068735342
32,12,1.73725,18.795875,4.843802083333333,24.037997451714414,4.902856050478579,14.453399942271348,-4.765795775604682
33,12,1.73725,16.508749999999996,4.581786458333332,18.164999540662965,4.262041710338247,12.935388210596297,-3.771815293929632
34,12,1.73725,8.20575,3.663770833333333,4.332600437065972,2.081489956032931,7.743491147157878,-0.41594948049121205
35,12,1.73725,3.79375,2.890083333333333,0.34664248784722235,0.5887635245556763,4.044059841462459,1.7361068252042076
36,12,1.73725,10.742249999999997,4.03090625,8.425260674804685,2.9026299582972483,9.720060968262608,-1.6582484682626069
37,12,1.73725,8.20575,3.1382864583333334,2.6317370588921443,1.6222629438201885,6.3179218282209035,-0.041348911554236256
38,12,1.73725,5.956062500000001,2.9405,1.1126164850260418,1.0548063732392035,5.007920491548839,0.8730795084511613
39,12,1.73725,4.347250000000001,2.8092864583333337,0.504371819308811,0.7101913962509058,4.201261594985109,1.4173113216815585
40,12,1.73725,21.82075,4.2654114583333325,28.306606315402565,5.320395315707524,14.693386277120078,-6.162563360453413
41,12,1.73725,5.9958125,2.9466666666666668,1.1345498608940974,1.0651525059324123,5.034365578294195,0.8589677550391386
42,12,1.73725,3.16,2.597286458333333,0.3034148114963106,0.5508310190033878,3.6769152555799733,1.517657661086693
43,12,1.73725,16.684187499999997,4.2890468749999995,18.414525280029284,4.291214895577857,12.6998280703326,-4.1217343203326005
44,12,1.73725,4.337250000000001,2.7028489583333335,0.5272349176161025,0.726109439145438,4.126023459058392,1.279674457608275
45,12,1.73725,4.3870000000000005,2.5851197916666666,0.5721289208713108,0.7563920417821111,4.067648193559604,1.102591389773729
46,12,1.73725,18.1355,4.334526041666666,22.364021073866102,4.729061331159293,13.603486250738879,-4.934434167405548
47,12,1.73725,4.3870000000000005,2.5851197916666666,0.5721289208713108,0.7563920417821111,4.067648193559604,1.102591389773729
48,12,1.73725,4.3870000000000005,2.5851197916666666,0.5721289208713108,0.7563920417821111,4.067648193559604,1.102591389773729
49,12,1.73725,4.297500000000001,2.577661458333333,0.545862768527561,0.7388252625131067,4.0257589728590215,1.1295639438076441
50,12,1.73725,3.0806249999999995,2.369057291666667,0.26902526527235227,0.5186764552901474,3.385663144035356,1.352451439297978
51,12,1.73725,3.0806249999999995,2.2795364583333337,0.22977877243381062,0.47935245116074104,3.219067262608386,1.3400056540582814
52,12,1.73725,3.0806249999999995,2.2795364583333337,0.22977877243381062,0.47935245116074104,3.219067262608386,1.3400056540582814
53,12,1.73725,2.93925,2.171734375,0.18489492586263012,0.4299940997997881,3.014522810607585,1.3289459393924155
54,12,1.73725,4.397,2.3278177083333333,0.5866848590223526,0.7659535619228836,3.8290866897021854,0.8265487269644816
55,12,1.73725,8.1935625,3.053348958333333,5.3618394325900605,2.315564603415344,7.591855581027406,-1.4851576643607411
56,12,1.73725,3.2992500000000002,2.226026041666667,0.2797304957411025,0.5288955433174896,3.2626613065689467,1.1893907767643876
57,12,1.73725,4.43675,2.224682291666666,0.5223478551161022,0.7227363662609639,3.6412455695381554,0.8081190137951766
58,12,1.73725,2.1258749999999993,1.9320260416666668,0.014323430636935766,0.11968053574803117,2.1665998917328078,1.6974521916005256
59,12,1.73725,4.3870000000000005,2.3338072916666666,0.8363614189181866,0.9145279760172385,4.126282124660454,0.5413324586728792
60,12,1.73725,8.20575,2.6520364583333325,3.257100855767145,1.8047439862116579,6.189334671308182,-0.8852617546415171
61,12,1.1124375000000002,8.1438125,2.579416666666666,3.347926425998263,1.8297339768387817,6.1656952612706775,-1.0068619279373459
62,12,1.1124375000000002,4.347250000000001,2.258890625,0.910965261800131,0.9544450019776577,4.129602828876209,0.38817842112379086
63,12,1.1124375000000002,4.297500000000001,2.167411458333333,0.6209353284233944,0.7879944977113701,3.7118806738476184,0.6229422428190476
64,12,1.1124375000000002,4.3870000000000005,2.174869791666666,0.6533210432671441,0.8082827743229124,3.7591040293395745,0.5906355539937578
65,12,1.1124375000000002,5.3565625,2.255666666666666,1.0825969442274304,1.0404791897137733,4.295005878505662,0.21632745482767035
66,12,1.1124375000000002,12.440624999999999,2.8460052083333327,8.57724912399631,2.928694098740309,8.586245641864338,-2.894235225197673
67,12,1.1124375000000002,3.9330000000000007,2.137036458333333,0.5016814963921441,0.7082947807178478,3.525294228540315,0.7487786881263516
68,12,1.1124375000000002,12.440624999999999,2.8460052083333327,8.57724912399631,2.928694098740309,8.586245641864338,-2.894235225197673
69,12,1.1124375000000002,3.28375,2.0829322916666664,0.33954314417860254,0.5827033071629185,3.2250307737059867,0.9408338096273461
70,12,1.1124375000000002,11.631124999999999,2.7785468749999995,7.332831897867835,2.7079202163039877,8.086070498955815,-2.528976748955816
71,12,1.1124375000000002,3.2992500000000002,2.0842239583333333,0.34266360902235254,0.5853747594681142,3.231558486890837,0.9368894297758295
72,12,1.1124375000000002,3.2992500000000002,2.0842239583333333,0.34266360902235254,0.5853747594681142,3.231558486890837,0.9368894297758295
73,12,1.1124375000000002,3.2495000000000003,1.9955156249999997,0.21365859122721353,0.46223218324475585,2.901490704159721,1.0895405458402783
74,12,1.1124375000000002,4.297500000000001,2.1533385416666664,0.5926575614963109,0.769842556303762,3.66222995202204,0.6444471313112929
75,12,1.1124375000000002,3.28375,2.0013593749999994,0.36744178133138,0.606169762798657,3.1894521100853668,0.8132666399146318
76,12,1.1124375000000002,5.9958125,2.328770833333333,1.7951249793836814,1.339822741777315,4.95482340721687,-0.2972817405502042
77,12,1.1124375000000002,12.440624999999999,2.8658385416666667,8.906883264621305,2.9844401928370594,8.715341319627303,-2.98366423629397
78,12,1.1124375000000002,8.1935625,2.5193749999999997,3.5345449876302086,1.880038560144501,6.204250577883222,-1.1655005778832224
79,12,1.1124375000000002,4.3870000000000005,2.152723958333333,0.8524143225640191,0.9232628675323291,3.9623191786966983,0.3431287379699681
80,12,1.1124375000000002,3.79375,2.0579322916666665,0.5276728837619358,0.7264109606565252,3.4816977745534556,0.6341668087798771
81,12,1.1124375000000002,4.297500000000001,2.099911458333333,0.6927940002983947,0.8323424777688536,3.731302714760286,0.4685202019063801
82,12,1.1124375000000002,3.28375,2.015432291666666,0.3999971285536024,0.632453261951903,3.255040685092396,0.7758238982409362
83,12,1.1124375000000002,3.2495000000000003,1.9048385416666667,0.2540018583713108,0.5039859704111919,2.8926510436726027,0.9170260396607306
84,12,1.1124375000000002,3.7070000000000007,1.9429635416666668,0.3725209664442275,0.6103449569253665,3.139239657240385,0.7466874260929486
85,12,1.1124375000000002,2.0063750000000002,1.7527760416666665,0.09940973532443577,0.315293094317709,2.370750506529376,1.1348015768039568
86,12,1.1124375000000002,3.2093750000000005,1.8407239583333335,0.25869874443901925,0.5086243647713107,2.8376277132851024,0.8438202033815646
87,12,1.1124375000000002,4.3870000000000005,1.972171875,0.6499663627115887,0.806204913599259,3.5523335056545475,0.3920102443454523
88,12,1.1124375000000002,4.3870000000000005,2.076432291666667,0.8600272092827693,0.9273765196956246,3.894090270270091,0.2587743130632427
89,12,1.1124375000000002,4.347250000000001,2.073119791666667,0.8448403974338111,0.9191519990914512,3.8746577098859114,0.2715818734474227
90,12,1.1124375000000002,8.1935625,2.3936458333333333,3.4327826825086802,1.8527770191009711,6.025088790771237,-1.2377971241045702
91,12,1.1124375000000002,3.657250000000001,1.9925260416666666,0.5497279124077693,0.7414363845993595,3.4457413554814114,0.539310727851922
92,12,1.1124375000000002,3.380125,1.9211406249999998,0.3681085404459635,0.6067194907417789,3.1103108268538864,0.7319704231461133
93,12,1.1124375000000002,2.800625,1.8456510416666665,0.21051774443901905,0.45882212723344007,2.744942411044209,0.946359672289124
94,13,1.1124375000000002,2.4742499999999996,1.7735192307692307,0.14571269854844668,0.38172332722594604,2.5216969521320847,1.0253415094063765
95,13,1.1124375000000002,2.2711249999999996,1.7348605769230767,0.10946798026072482,0.3308594569612977,2.3833451125672203,1.0863760412789332
96,13,1.1124375000000002,2.18675,1.720841346153846,0.09950644808616865,0.315446426649865,2.3391163423875816,1.1025663499201106
97,13,1.1124375000000002,4.798,1.9758124999999997,0.8151304176682692,0.9028457330398528,3.745390136758111,0.20623486324188822
98,13,1.1124375000000002,5.148,2.038822115384615,1.0424468502681212,1.0210028649656773,4.039987730717343,0.03765650005188759
99,13,1.1124375000000002,3.89325,1.807370192307692,0.43882144558986674,0.6624359935796565,3.1057447397238187,0.5089956448915651