*******************************************************************************************
Iteracion NumIndividuos MejorFitness MejorGenotipo PeorFitness PeorGenotipo MediaFitness 
2017_09_26_19_33_04

00,10,3.554375,13.165750000000001,8.6281125,11.255052707656251,3.35485509488208,15.203628485968878,2.0525965140311238
01,10,3.554375,13.165750000000001,8.6281125,11.255052707656251,3.35485509488208,15.203628485968878,2.0525965140311238
02,10,3.554375,18.8409375,9.817593749999999,26.746480294726553,5.171699942448957,19.954125637199954,-0.31893813719995734
03,10,3.554375,11.796249999999997,6.784437499999998,9.537983844531247,3.0883626478331925,12.837628289753056,0.7312467102469409
04,10,3.554375,21.6988125,7.774693749999999,28.289408114414055,5.318778817963204,18.19950023320788,-2.65011273320788
05,10,3.554375,21.243687500000004,7.729181249999999,27.040607694101574,5.2000584317968555,17.921295776321834,-2.462933276321837
06,11,3.554375,9.66725,5.365306818181818,5.180946006714875,2.276169151604264,9.826598355326176,0.9040152810374602
07,11,3.554375,16.632249999999996,5.895738636363637,14.03322510640495,3.746094647283348,13.238084145039,-1.4466068723117251
08,11,3.554375,6.917249999999999,4.491522727272727,1.5443912267561977,1.2427353808257804,6.927284073691257,2.0557613808541975
09,11,3.554375,5.956249999999999,4.185806818181818,0.9958465606921478,0.9979211194739531,6.141732212350766,2.22988142401287
10,11,3.554375,17.832249999999995,5.455579545454545,17.099076375774782,4.135102946212438,13.560381320030924,-2.6492222291218335
11,11,3.554375,5.5009999999999994,3.749102272727272,0.3077242608471073,0.5547289976620181,4.836371108144828,2.6618334373097166
12,11,3.554375,5.956249999999999,3.7845681818181816,0.47223710330578483,0.6871950984296853,5.131470574740365,2.4376657888959983
13,11,3.554375,5.956249999999999,3.778647727272727,0.4745421784607433,0.6888702188806999,5.128833356278898,2.428462098266555
14,12,3.554375,3.873625,3.580979166666666,0.007785598524305568,0.08823603869341352,3.7539218025057566,3.4080365308275753
15,12,3.554375,3.554375,3.554375,0.0,0.0,3.554375,3.554375
16,12,3.554375,3.554375,3.554375,0.0,0.0,3.554375,3.554375
17,13,3.554375,5.956249999999999,3.7664423076923077,0.40849118897929,0.6391331543421057,5.019143290202835,2.5137413251817806
18,13,3.554375,6.661249999999998,3.8206730769230766,0.6812928161982241,0.825404637858441,5.438466167125621,2.202879986720532
19,13,3.554375,3.9093749999999994,3.6089903846153844,0.016405621301775107,0.1280844303644089,3.860035868129626,3.357944901101143
20,13,3.554375,3.9093749999999994,3.6089903846153844,0.016405621301775107,0.1280844303644089,3.860035868129626,3.357944901101143
21,13,3.554375,3.9093749999999994,3.6089903846153844,0.016405621301775107,0.1280844303644089,3.860035868129626,3.357944901101143
22,13,3.554375,3.9093749999999994,3.6089903846153844,0.016405621301775107,0.1280844303644089,3.860035868129626,3.357944901101143
23,13,3.554375,3.9093749999999994,3.6089903846153844,0.016405621301775107,0.1280844303644089,3.860035868129626,3.357944901101143
24,13,3.554375,3.9093749999999994,3.6089903846153844,0.016405621301775107,0.1280844303644089,3.860035868129626,3.357944901101143
25,13,3.554375,3.9093749999999994,3.6089903846153844,0.016405621301775107,0.1280844303644089,3.860035868129626,3.357944901101143
26,13,3.554375,3.9093749999999994,3.6089903846153844,0.016405621301775107,0.1280844303644089,3.860035868129626,3.357944901101143
27,13,3.554375,3.9093749999999994,3.6089903846153844,0.016405621301775107,0.1280844303644089,3.860035868129626,3.357944901101143
28,14,3.554375,4.211124999999999,3.652,0.039281542410714194,0.1981957174378755,4.040463606178236,3.2635363938217643
29,14,3.554375,4.211124999999999,3.6266428571428575,0.03458775414540809,0.18597783240324123,3.9911594086532105,3.2621263056325045
30,14,3.554375,5.956249999999999,3.7259375,0.3826379882812501,0.6185773906967907,4.93834918576571,2.5135258142342902
31,14,3.554375,3.554375,3.554375,0.0,0.0,3.554375,3.554375
32,14,3.554375,3.554375,3.554375,0.0,0.0,3.554375,3.554375
33,14,3.554375,3.554375,3.554375,0.0,0.0,3.554375,3.554375
34,14,3.554375,4.211124999999999,3.6012857142857144,0.028607996492346893,0.16913898572578379,3.9327981263082505,3.2697733022631783
35,14,2.8486249999999993,3.554375,3.503964285714286,0.033036121492347,0.18175841518990804,3.8602107794865055,3.1477177919420662
36,14,2.8486249999999993,4.886125000000001,3.6495,0.1176339531250001,0.34297806507851214,4.321737007553884,2.9772629924461165
37,14,2.8486249999999993,3.554375,3.554375,0.0,0.0,3.554375,3.554375
38,14,2.8486249999999993,3.554375,3.554375,0.0,0.0,3.554375,3.554375
39,14,2.8486249999999993,5.956249999999999,3.7259375,0.3826379882812501,0.6185773906967907,4.93834918576571,2.5135258142342902
40,14,2.8486249999999993,6.6500625,3.7754955357142856,0.6356257870894453,0.7972614295759235,5.338127937683096,2.2128631337454756
41,14,2.8486249999999993,3.554375,3.554375,0.0,0.0,3.554375,3.554375
42,14,2.8486249999999993,3.9148749999999994,3.580125,0.00861981249999998,0.09284294534319762,3.762097172872667,3.3981528271273325
43,14,2.8486249999999993,4.211124999999999,3.6012857142857144,0.028607996492346893,0.16913898572578379,3.9327981263082505,3.2697733022631783
44,14,2.8486249999999993,4.211124999999999,3.6012857142857144,0.028607996492346893,0.16913898572578379,3.9327981263082505,3.2697733022631783
45,14,2.8486249999999993,3.554375,3.554375,0.0,0.0,3.554375,3.554375
46,14,2.8486249999999993,3.554375,3.554375,0.0,0.0,3.554375,3.554375
47,14,2.8486249999999993,3.554375,3.554375,0.0,0.0,3.554375,3.554375
48,14,2.8486249999999993,3.554375,3.554375,0.0,0.0,3.554375,3.554375
49,14,2.8486249999999993,3.554375,3.554375,0.0,0.0,3.554375,3.554375
50,14,2.8486249999999993,3.554375,3.554375,0.0,0.0,3.554375,3.554375
51,14,2.8486249999999993,3.554375,3.554375,0.0,0.0,3.554375,3.554375
52,14,2.8486249999999993,3.554375,3.554375,0.0,0.0,3.554375,3.554375
53,14,2.8486249999999993,3.554375,3.554375,0.0,0.0,3.554375,3.554375
54,14,2.8486249999999993,4.211124999999999,3.6012857142857144,0.028607996492346893,0.16913898572578379,3.9327981263082505,3.2697733022631783
55,14,2.8486249999999993,3.554375,3.554375,0.0,0.0,3.554375,3.554375
56,14,2.8486249999999993,3.554375,3.554375,0.0,0.0,3.554375,3.554375
57,14,2.8486249999999993,5.956249999999999,3.7259375,0.3826379882812501,0.6185773906967907,4.93834918576571,2.5135258142342902
58,14,2.8486249999999993,3.554375,3.554375,0.0,0.0,3.554375,3.554375
59,14,2.8486249999999993,3.554375,3.554375,0.0,0.0,3.554375,3.554375
60,14,2.8486249999999993,3.554375,3.554375,0.0,0.0,3.554375,3.554375
61,14,2.8486249999999993,3.554375,3.554375,0.0,0.0,3.554375,3.554375
62,14,2.8486249999999993,3.554375,3.554375,0.0,0.0,3.554375,3.554375
63,14,2.8486249999999993,3.554375,3.554375,0.0,0.0,3.554375,3.554375
64,14,2.8486249999999993,3.554375,3.554375,0.0,0.0,3.554375,3.554375
65,14,2.8486249999999993,3.554375,3.554375,0.0,0.0,3.554375,3.554375
66,14,2.8486249999999993,3.554375,3.554375,0.0,0.0,3.554375,3.554375
67,14,2.8486249999999993,3.554375,3.554375,0.0,0.0,3.554375,3.554375
68,14,2.8486249999999993,3.554375,3.554375,0.0,0.0,3.554375,3.554375
69,14,2.8486249999999993,3.554375,3.554375,0.0,0.0,3.554375,3.554375
70,14,2.8486249999999993,3.554375,3.554375,0.0,0.0,3.554375,3.554375
71,14,2.8486249999999993,3.554375,3.554375,0.0,0.0,3.554375,3.554375
72,14,2.8486249999999993,3.554375,3.554375,0.0,0.0,3.554375,3.554375
73,14,2.8486249999999993,3.554375,3.554375,0.0,0.0,3.554375,3.554375
74,14,2.8486249999999993,4.211124999999999,3.6012857142857144,0.028607996492346893,0.16913898572578379,3.9327981263082505,3.2697733022631783
75,14,2.8486249999999993,6.631124999999998,3.774142857142857,0.6278728434311219,0.792384277627416,5.327216041292592,2.2210696729931216
76,14,2.8486249999999993,3.554375,3.554375,0.0,0.0,3.554375,3.554375
77,14,2.8486249999999993,4.211124999999999,3.6012857142857144,0.028607996492346893,0.16913898572578379,3.9327981263082505,3.2697733022631783
78,14,2.8486249999999993,3.554375,3.554375,0.0,0.0,3.554375,3.554375
79,14,2.8486249999999993,3.554375,3.554375,0.0,0.0,3.554375,3.554375
80,14,2.8486249999999993,3.554375,3.554375,0.0,0.0,3.554375,3.554375
81,14,2.8486249999999993,3.8458124999999996,3.575191964285714,0.005633498026945144,0.0750566321316454,3.722302963263739,3.4280809653076894
82,14,2.8486249999999993,3.5973749999999995,3.5574464285714282,1.2263775510203918E-4,0.01107419320321075,3.5791518472497215,3.535741009893135
83,14,2.8486249999999993,3.554375,3.554375,0.0,0.0,3.554375,3.554375
84,14,2.8486249999999993,3.554375,3.554375,0.0,0.0,3.554375,3.554375
85,14,2.8486249999999993,3.554375,3.554375,0.0,0.0,3.554375,3.554375
86,14,2.8486249999999993,4.211124999999999,3.6012857142857144,0.028607996492346893,0.16913898572578379,3.9327981263082505,3.2697733022631783
87,14,2.8486249999999993,3.554375,3.554375,0.0,0.0,3.554375,3.554375
88,14,2.8486249999999993,4.211124999999999,3.601455357142857,0.028592454480229557,0.16909303498438236,3.9328777057122464,3.270033008573468
89,14,2.8486249999999993,3.554375,3.554375,0.0,0.0,3.554375,3.554375
90,14,2.8486249999999993,3.554375,3.554375,0.0,0.0,3.554375,3.554375
91,14,2.8486249999999993,3.554375,3.554375,0.0,0.0,3.554375,3.554375
92,14,2.8486249999999993,3.554375,3.554375,0.0,0.0,3.554375,3.554375
93,14,2.8486249999999993,3.554375,3.554375,0.0,0.0,3.554375,3.554375
94,14,2.8486249999999993,3.554375,3.554375,0.0,0.0,3.554375,3.554375
95,14,2.8486249999999993,3.554375,3.554375,0.0,0.0,3.554375,3.554375
96,14,2.8486249999999993,3.554375,3.554375,0.0,0.0,3.554375,3.554375
97,14,2.8486249999999993,3.554375,3.554375,0.0,0.0,3.554375,3.554375
98,14,2.8486249999999993,3.554375,3.554375,0.0,0.0,3.554375,3.554375
99,14,2.8486249999999993,3.554375,3.554375,0.0,0.0,3.554375,3.554375