
*******************************************************************************************
Iteracion NumIndividuos MejorFitness MejorGenotipo PeorFitness PeorGenotipo MediaFitness 
2017_02_17_21_33_27 -> mutacion 0.15 // 20/40/mon/tes/10/12/4 // 30/02/24/24/10/02/08//

----------------------------------------------------

Salgo en la iteracion: 100
Motivo: 2
Mutaciones hechas: 8
Mejor individuo de la poblacion
+---+---+---+---+---+---+---+---+---+---+
| * |   | * |   |   |   | * | * |   | * |
+---+---+---+---+---+---+---+---+---+---+
| * |   |   |   | * |   | P |   |   |   |
+---+---+---+---+---+---+---+---+---+---+
| * | M | * | * | * | * |   |   |   |   |
+---+---+---+---+---+---+---+---+---+---+
|   |   |   |   |   |   | G |   |   | G |
+---+---+---+---+---+---+---+---+---+---+
| * | * | * |   | S | * | * |   |   |   |
+---+---+---+---+---+---+---+---+---+---+
|   |   |   |   |   |   |   |   |   |   |
+---+---+---+---+---+---+---+---+---+---+
| * | * |   |   | P |   | * |   | * | * |
+---+---+---+---+---+---+---+---+---+---+
|   | * |   |   | * | * |   |   | * |   |
+---+---+---+---+---+---+---+---+---+---+
| * |   | * | L | G |   |   | G | C |   |
+---+---+---+---+---+---+---+---+---+---+
|   |   |   |   |   |   |   |   |   | M |
+---+---+---+---+---+---+---+---+---+---+
 
-------------
Numero de monstruos     : 7
Numero de tesoros       : 4
Numero de celdas Pared  : 28
Numero de celdas Libres : 61
-------------
 
-------------
Tipo puertas: 
Puerta Norte 0 4: ENTRADA_SALIDA 
 
Puerta Oeste 9 0: SALIDA 
 
Puerta Sur   9 3: SALIDA 
 
Puerta Este  9 9: SALIDA 
 
-------------
 
Fitness: 0.29000000000000004
-----------------------
Numero de monstruos esperados             : 6
Numero de tesoros esperados               : 4
Numero de monstruos recorrido esperados   : 1.0
Numero de tesoros recorrido esperados     : 1.0
Area Segura monstruo esperada             : 7.0
Area Segura tesoro esperada               : 8.0
Seguridad tesoro esperada                 : 2.0
Numero de celdas Pared esperadas          : 30
Numero de celdas Libres esperadas         : 60
----------------------------------------------------
----------------------------------------------------

00 10 2.8725 208.28 115.977875
01 10 2.8725 208.18 95.9498125
02 10 0.8049999999999999 205.9625 55.2188125
03 10 0.8049999999999999 105.965 35.6195
04 10 0.8049999999999999 105.965 35.6195
05 10 0.8049999999999999 105.965 35.642250000000004
06 10 0.8049999999999999 103.515 16.012500000000003
07 10 0.8049999999999999 103.515 16.012500000000003
08 10 0.8049999999999999 103.515 16.012500000000003
09 10 0.8049999999999999 103.515 16.012500000000003
10 10 0.8049999999999999 103.515 16.012500000000003
11 10 0.49 8.331249999999997 5.1610625
12 10 0.49 104.52999999999999 14.780937499999999
13 10 0.49 8.667499999999997 5.1946875
14 10 0.49 11.289999999999997 5.4569375
15 10 0.49 8.809999999999999 5.208937499999999
16 10 0.49 8.809999999999999 5.208937499999999
17 10 0.4 8.25375 4.3679375
18 10 0.4 8.25375 4.3679375
19 10 0.4 8.25375 4.3679375
20 10 0.4 8.25375 4.3679375
21 10 0.4 107.886875 14.331250000000002
22 10 0.4 8.1525 3.9160625
23 10 0.4 8.145 4.1468125
24 10 0.4 8.544999999999998 4.186812499999999
25 10 0.4 8.544999999999998 4.186812499999999
26 10 0.4 8.544999999999998 4.186812499999999
27 10 0.4 8.544999999999998 4.186812499999999
28 10 0.4 8.544999999999998 4.186812499999999
29 10 0.4 12.882499999999997 4.6205625
30 10 0.49 7.999374999999999 3.5800624999999995
31 10 0.49 7.999374999999999 3.5800624999999995
32 10 0.49 7.999374999999999 3.6060624999999993
33 10 0.49 7.999374999999999 3.6060624999999993
34 10 0.49 6.456249999999999 2.9053749999999994
35 10 0.49 9.985 3.2969999999999993
36 10 0.49 9.985 3.2969999999999993
37 10 0.49 9.954999999999998 3.293999999999999
38 10 0.49 9.954999999999998 3.293999999999999
39 10 0.49 8.86 3.1844999999999994
40 10 0.49 8.86 3.1844999999999994
41 10 0.49 11.049375 3.3894374999999997
42 10 0.49 6.332499999999999 2.3529999999999993
43 10 0.49 6.332499999999999 2.3529999999999993
44 10 0.49 6.332499999999999 2.3529999999999993
45 10 0.49 6.332499999999999 2.3529999999999993
46 10 0.49 9.751249999999999 2.6948749999999992
47 10 0.49 11.854999999999999 3.5412499999999993
48 10 0.49 11.854999999999999 3.5412499999999993
49 10 0.49 10.84 3.0592499999999996
50 10 0.49 7.034999999999998 2.0762499999999995
51 10 0.49 200.97999999999996 21.47075
52 10 0.49 10.679375 2.4406874999999992
53 10 0.49 10.679375 2.4406874999999992
54 10 0.49 107.17625 12.090375
55 10 0.49 2.8725 1.18675
56 10 0.49 2.8725 1.18675
57 10 0.49 2.8725 1.18675
58 10 0.49 1.01 0.82825
59 10 0.49 1.01 0.82825
60 10 0.685 7.366249999999999 1.491875
61 10 0.685 7.366249999999999 1.491875
62 10 0.685 7.366249999999999 1.491875
63 10 0.685 5.78 1.33325
64 10 0.685 0.9925 0.8472500000000001
65 10 0.685 5.829999999999998 1.331
66 10 0.685 5.829999999999998 1.331
67 10 0.5975 0.9850000000000001 0.8077500000000001
68 10 0.33 0.9200000000000002 0.7422500000000001
69 10 0.33 0.9200000000000002 0.7422500000000001
70 10 0.33 0.9200000000000002 0.7422500000000001
71 10 0.33 0.9200000000000002 0.7422500000000001
72 10 0.33 0.9200000000000002 0.7422500000000001
73 10 0.33 2.0424999999999995 0.8545
74 10 0.33 2.0424999999999995 0.8545
75 10 0.33 2.0424999999999995 0.8545
76 10 0.33 2.0424999999999995 0.8545
77 10 0.33 2.0424999999999995 0.8545
78 10 0.33 1.02 0.75525
79 10 0.33 0.9 0.6922500000000001
80 10 0.33 0.9 0.6922500000000001
81 10 0.33 100.465 10.64875
82 10 0.33 100.465 10.64875
83 10 0.33 100.465 10.64875
84 10 0.33 100.465 10.64875
85 10 0.33 100.465 10.64875
86 10 0.33 0.89 0.6667500000000001
87 10 0.33 0.89 0.6667500000000001
88 10 0.33 0.89 0.6667500000000001
89 10 0.33 0.9650000000000001 0.6907500000000001
90 10 0.33 0.9650000000000001 0.6907500000000001
91 10 0.33 0.9650000000000001 0.70275
92 10 0.29000000000000004 100.15 10.561250000000001
93 10 0.29000000000000004 100.15 10.561250000000001
94 10 0.29000000000000004 101.39499999999998 10.685749999999999
95 10 0.29000000000000004 101.39499999999998 10.685749999999999
96 10 0.29000000000000004 101.39499999999998 10.685749999999999
97 10 0.29000000000000004 101.39499999999998 10.685749999999999
98 10 0.29000000000000004 101.39499999999998 10.685749999999999
99 10 0.29000000000000004 101.39499999999998 10.685749999999999