Iteracion NumIndividuos MejorFitness MejorGenotipo PeorFitness PeorGenotipo MediaFitness 

00 03 0.6000000000000001 1.4000000000000001 1.0000000000000002
01 03 0.6000000000000001 1.4000000000000001 1.0000000000000002
02 04 0.6000000000000001 3.2000000000000006 1.85
03 04 0.6000000000000001 3.2000000000000006 1.85
04 05 0.6000000000000001 3.2000000000000006 1.9600000000000002
05 05 0.6000000000000001 3.2000000000000006 1.9600000000000002
06 05 0.6000000000000001 3.2000000000000006 1.9600000000000002
07 06 0.6000000000000001 3.2000000000000006 1.9000000000000001
08 06 0.6000000000000001 3.2000000000000006 1.9000000000000001
09 07 0.4 3.2000000000000006 1.6857142857142857
10 09 0.4 3.2000000000000006 1.4444444444444446
11 0.4 3.2000000000000006 1.3454545454545457
12 0.4 3.2000000000000006 1.3454545454545457
13 0.4 3.2000000000000006 1.3454545454545457
14 0.4 5.800000000000001 1.581818181818182
15 0.4 7.6000000000000005 1.7454545454545454
16 0.4 6.6000000000000005 1.6545454545454545
17 0.4 3.2 1.3454545454545457
18 0.4 3.2 1.3454545454545457
19 0.4 3.2 1.3454545454545457
20 0.4 6.800000000000001 1.6727272727272726
21 0.4 6.800000000000001 1.7090909090909092
22 0.4 8.0 1.8181818181818181
23 0.4 8.0 1.8181818181818181
24 0.4 8.0 1.8181818181818181
25 0.4 8.0 1.8181818181818181
26 0.4 8.0 1.8181818181818181
27 0.4 2.6 1.2181818181818185
28 0.4 2.6 1.2181818181818185
29 0.4 2.6 1.2181818181818185
30 0.4 6.0 1.5272727272727273
31 0.4 5.0 1.4363636363636365
32 0.4 7.4 1.6545454545454545
33 0.4 7.4 1.6545454545454545
34 0.4 7.4 1.6545454545454545
35 0.4 8.4 1.7454545454545454
36 0.4 8.4 1.7454545454545454
37 0.4 9.600000000000001 1.981818181818182
38 0.4 9.600000000000001 1.981818181818182
39 0.4 9.600000000000001 1.981818181818182
40 0.4 9.600000000000001 1.981818181818182
41 0.4 11.6 2.5272727272727273
42 0.4 11.6 2.5272727272727273
43 0.4 11.6 2.5272727272727273
44 0.4 6.6000000000000005 2.0727272727272728
45 0.4 6.6000000000000005 2.0727272727272728
46 0.4 6.6000000000000005 2.0727272727272728
47 0.4 6.6000000000000005 2.0727272727272728
48 0.4 6.6000000000000005 2.0727272727272728
49 0.4 6.6000000000000005 2.0727272727272728
50 0.4 6.6000000000000005 2.0727272727272728
51 0.4 11.8 2.563636363636364
52 0.4 11.8 2.563636363636364
53 0.4 6.800000000000001 2.1090909090909093
54 0.4 6.800000000000001 2.1636363636363636
55 0.4 6.800000000000001 2.1636363636363636
56 0.4 6.800000000000001 2.1636363636363636
57 0.4 6.800000000000001 2.1636363636363636
58 0.4 6.6000000000000005 1.9272727272727272
59 0.4 6.800000000000001 1.9454545454545453
60 0.4 6.800000000000001 1.9454545454545453
61 0.4 6.800000000000001 1.9454545454545453
62 0.4 6.800000000000001 1.9454545454545453
63 0.4 6.800000000000001 1.9454545454545453
64 0.4 6.800000000000001 1.9454545454545453
65 0.4 6.800000000000001 1.9454545454545453
66 0.4 6.800000000000001 1.9454545454545453
67 0.4 6.800000000000001 1.9454545454545453
68 0.4 5.4 1.8181818181818181
69 0.4 5.4 1.8181818181818181
70 0.4 5.4 1.8181818181818181
71 0.4 5.4 1.8181818181818181
72 0.4 5.4 1.8181818181818181
73 0.4 5.4 1.8181818181818181
74 0.4 5.4 1.8181818181818181
75 0.4 5.4 1.8181818181818181
76 0.4 5.4 1.8181818181818181
77 0.4 5.4 1.8181818181818181
78 0.4 5.4 1.8181818181818181
79 0.4 5.4 1.8181818181818181
80 0.6000000000000001 5.4 1.8727272727272728
81 0.6000000000000001 5.4 1.8727272727272728
82 0.6000000000000001 5.4 1.8727272727272728
83 0.6000000000000001 5.4 1.8727272727272728
84 0.6000000000000001 4.2 1.4727272727272727
85 0.6000000000000001 4.2 1.4727272727272727
86 0.6000000000000001 4.2 1.4727272727272727
87 0.6000000000000001 6.6 1.6909090909090907
88 0.6000000000000001 2.2 1.2181818181818185
89 0.6000000000000001 2.2 1.2181818181818185
90 0.6000000000000001 2.2 1.2181818181818185
91 0.6000000000000001 1.6 1.1090909090909091
92 0.6000000000000001 1.6 1.1090909090909091
93 0.6000000000000001 1.6 1.1090909090909091
94 0.6000000000000001 1.6 1.1090909090909091
95 0.6000000000000001 1.6 1.1090909090909091
96 0.6000000000000001 2.6 1.2545454545454546
97 0.6000000000000001 2.6 1.2545454545454546
98 0.6000000000000001 2.6 1.2545454545454546
99 0.6000000000000001 2.6 1.2545454545454546
00 04 0.6000000000000001 1.4000000000000001 1.1
01 05 0.6000000000000001 1.4000000000000001 1.04
02 06 0.6000000000000001 1.4000000000000001 1.0333333333333334
03 08 0.6000000000000001 1.4000000000000001 1.025
04 0.6000000000000001 6.6000000000000005 2.0200000000000005
05 0.6000000000000001 6.6000000000000005 2.0200000000000005
06 0.6000000000000001 8.2 2.18
07 0.6000000000000001 8.2 2.18
08 0.6000000000000001 8.2 2.18
09 0.6000000000000001 8.2 2.18
10 0.6000000000000001 8.0 2.1600000000000006
11 0.6000000000000001 8.0 2.1600000000000006
12 0.6000000000000001 8.0 2.1600000000000006
13 0.6000000000000001 8.0 2.1600000000000006
14 0.6000000000000001 8.0 2.1600000000000006
15 0.6000000000000001 8.0 2.1600000000000006
16 0.6000000000000001 7.2 2.1800000000000006
17 0.6000000000000001 7.2 2.1800000000000006
18 0.6000000000000001 7.2 2.1800000000000006
19 0.6000000000000001 7.2 2.1800000000000006
20 0.6000000000000001 7.2 2.1800000000000006
21 0.6000000000000001 7.2 2.1800000000000006
22 0.6000000000000001 7.2 2.1800000000000006
23 0.6000000000000001 8.2 2.2800000000000002
24 0.6000000000000001 8.2 2.2800000000000002
25 0.6000000000000001 8.2 2.2800000000000002
26 0.6000000000000001 8.2 2.2800000000000002
27 0.6000000000000001 8.2 2.2800000000000002
28 0.6000000000000001 8.2 2.2800000000000002
29 0.6000000000000001 8.2 2.2800000000000002
30 0.6000000000000001 8.2 2.2800000000000002
31 0.6000000000000001 8.2 2.2800000000000002
32 0.6000000000000001 8.0 2.2600000000000007
33 0.6000000000000001 6.4 2.1000000000000005
34 0.6000000000000001 6.4 2.1000000000000005
35 0.6000000000000001 6.4 2.1000000000000005
36 0.6000000000000001 6.4 2.1000000000000005
37 0.6000000000000001 8.200000000000001 2.2800000000000002
38 0.6000000000000001 8.200000000000001 2.2800000000000002
39 0.6000000000000001 8.200000000000001 2.2800000000000002
40 0.6000000000000001 8.200000000000001 2.2800000000000002
41 0.6000000000000001 8.200000000000001 2.4000000000000004
42 0.6000000000000001 8.200000000000001 2.4000000000000004
43 0.6000000000000001 8.200000000000001 2.4000000000000004
44 0.6000000000000001 8.200000000000001 2.4000000000000004
45 0.6000000000000001 8.4 2.4200000000000004
46 0.6000000000000001 8.4 2.4200000000000004
47 0.6000000000000001 8.4 2.4200000000000004
48 0.6000000000000001 6.800000000000001 2.2600000000000002
49 0.6000000000000001 6.800000000000001 2.2600000000000002
50 0.6000000000000001 6.800000000000001 2.2600000000000002
51 0.6000000000000001 7.6000000000000005 2.3400000000000003
52 0.6000000000000001 7.6000000000000005 2.3400000000000003
53 0.6000000000000001 7.6000000000000005 2.3400000000000003
54 0.6000000000000001 7.800000000000001 2.4200000000000004
55 0.6000000000000001 7.800000000000001 2.4200000000000004
56 0.6000000000000001 7.800000000000001 2.54
57 0.6000000000000001 7.800000000000001 2.54
58 0.6000000000000001 7.800000000000001 2.54
59 0.6000000000000001 7.2 2.48
60 0.6000000000000001 7.2 2.48
61 0.6000000000000001 7.2 2.48
62 0.6000000000000001 7.0 2.4
63 0.6000000000000001 6.600000000000001 2.5000000000000004
64 0.6000000000000001 6.600000000000001 2.5000000000000004
65 0.6000000000000001 6.600000000000001 2.5000000000000004
66 0.6000000000000001 6.600000000000001 2.5000000000000004
67 1.0 6.600000000000001 2.58
68 1.0 6.600000000000001 2.58
69 1.0 6.600000000000001 2.58
70 1.0 7.000000000000001 2.62
71 1.0 7.000000000000001 2.62
72 1.0 7.000000000000001 2.62
73 1.0 7.000000000000001 2.62
74 1.0 7.4 2.66
75 1.0 7.4 2.66
76 1.0 7.800000000000001 2.7
77 1.0 7.800000000000001 2.7
78 1.0 7.800000000000001 2.7
79 1.0 7.800000000000001 2.7
80 1.0 7.800000000000001 2.7
81 1.0 8.2 2.74
82 1.0 8.2 2.74
83 1.0 8.2 2.88
84 1.0 7.0 2.76
85 1.0 8.2 2.88
86 1.0 8.2 2.88
87 1.0 8.2 2.88
88 1.0 8.2 2.88
89 1.0 8.2 2.88
90 1.0 7.4 2.86
91 1.0 7.4 3.02
92 1.0 7.4 3.02
93 1.0 7.4 3.02
94 1.0 8.0 3.08
95 1.0 8.0 3.08
96 1.0 8.0 3.08
97 1.0 13.2 3.6800000000000006
98 1.0 13.2 3.6800000000000006
99 1.0 8.0 3.1599999999999997
00 05 0.4 2.2 1.24
01 06 0.4 2.2 1.2
02 08 0.4 2.2 1.0250000000000001
03 0.4 7.800000000000001 1.6400000000000001
04 0.4 7.800000000000001 1.6400000000000001
05 0.4 7.800000000000001 1.6400000000000001
06 0.4 7.800000000000001 1.6400000000000001
07 0.4 8.4 1.7
08 0.4 8.4 1.7
09 0.4 8.4 1.7
10 0.4 8.4 1.7
11 0.4 8.4 1.7
12 0.4 8.4 1.7
13 0.4 8.4 1.7
14 0.4 8.4 1.7
15 0.4 8.4 1.7
16 0.4 8.4 1.7
17 0.4 8.200000000000001 1.6800000000000002
18 0.4 8.200000000000001 1.6800000000000002
19 0.4 8.200000000000001 1.6800000000000002
20 0.4 8.200000000000001 1.6800000000000002
21 0.4 8.200000000000001 1.6800000000000002
22 0.4 8.200000000000001 1.6800000000000002
23 0.4 15.200000000000003 2.3800000000000003
24 0.4 15.200000000000003 2.3800000000000003
25 0.4 15.200000000000003 2.3800000000000003
26 0.4 15.200000000000003 2.3800000000000003
27 0.4 9.4 1.8
28 0.4 9.4 1.8
29 0.4 4.0 1.2600000000000002
30 0.4 4.0 1.2600000000000002
31 0.4 8.200000000000001 2.3000000000000007
32 0.4 8.000000000000002 2.1600000000000006
33 0.4 8.000000000000002 2.1600000000000006
34 0.4 6.800000000000001 1.56
35 0.4 6.800000000000001 1.56
36 0.4 5.4 1.4200000000000004
37 0.4 5.4 1.4200000000000004
38 0.4 5.4 1.4200000000000004
39 0.4 5.4 1.4200000000000004
40 0.4 5.4 1.4200000000000004
41 0.4 7.6000000000000005 1.6400000000000001
42 0.4 7.6000000000000005 1.6400000000000001
43 0.4 6.800000000000001 2.0000000000000004
44 0.4 6.800000000000001 2.0000000000000004
45 0.4 6.800000000000001 2.0000000000000004
46 0.4 6.800000000000001 2.0000000000000004
47 0.4 6.800000000000001 2.0000000000000004
48 0.4 7.800000000000001 2.1000000000000005
49 0.4 6.6000000000000005 1.9800000000000004
50 0.4 6.6000000000000005 1.9800000000000004
51 0.4 8.0 2.12
52 0.4 6.4 1.9600000000000002
53 0.4 7.0 2.0200000000000005
54 0.4 7.0 2.0200000000000005
55 0.4 7.0 2.1
56 0.4 7.0 2.1
57 0.4 7.0 2.1
58 0.4 7.0 2.1
59 0.4 7.0 2.1
60 0.4 7.0 2.1
61 0.4 7.0 2.1
62 0.4 7.0 2.1
63 0.4 7.0 2.1
64 0.4 7.0 2.1
65 0.4 7.0 2.1
66 0.4 6.4 1.9800000000000004
67 0.4 6.4 1.9800000000000004
68 0.4 6.4 1.9800000000000004
69 0.4 7.4 2.08
70 0.4 7.4 2.08
71 0.4 5.800000000000001 1.9200000000000004
72 0.4 7.200000000000001 2.06
73 0.4 7.200000000000001 2.06
74 0.4 7.200000000000001 2.06
75 0.4 7.200000000000001 2.06
76 0.4 5.800000000000001 1.8800000000000003
77 0.4 5.800000000000001 1.8800000000000003
78 0.4 5.800000000000001 1.8800000000000003
79 0.4 5.800000000000001 1.8800000000000003
80 0.4 5.800000000000001 1.8800000000000003
81 0.4 5.800000000000001 1.8800000000000003
82 0.4 5.800000000000001 1.8800000000000003
83 0.4 10.200000000000001 2.3600000000000003
84 0.4 10.200000000000001 2.3600000000000003
85 0.4 10.200000000000001 2.3600000000000003
86 0.4 10.200000000000001 2.3600000000000003
87 0.4 8.0 2.1399999999999997
88 0.4 8.0 2.1399999999999997
89 0.4 6.0 1.9400000000000002
90 0.4 6.0 1.9400000000000002
91 0.4 6.0 1.9400000000000002
92 0.4 7.800000000000001 2.12
93 0.4 7.800000000000001 2.12
94 0.4 7.800000000000001 2.12
95 0.4 7.800000000000001 2.12
96 0.4 5.800000000000001 1.5600000000000003
97 0.4 8.600000000000001 1.8400000000000003
98 0.4 8.600000000000001 1.8400000000000003
99 0.4 8.600000000000001 1.8400000000000003
00 03 1.25 1.5 1.3333333333333333
01 03 1.25 8.5 3.6666666666666665
02 04 1.25 2.0 1.4375
03 04 1.25 2.0 1.4375
04 04 1.25 2.0 1.4375
05 04 1.25 2.0 1.4375
06 05 0.75 2.75 1.45
07 06 0.75 2.75 1.3333333333333333
08 08 0.5 2.75 1.28125
09 0.5 9.75 1.975
10 0.5 9.75 1.975
11 0.5 9.75 1.975
12 0.5 7.5 1.75
13 0.5 8.25 1.825
14 0.5 8.25 1.825
15 0.5 11.75 3.1
16 0.5 11.75 3.1
17 0.5 11.75 3.1
18 0.5 11.25 2.175
19 0.5 8.0 1.85
20 0.5 8.0 1.85
21 0.5 9.25 1.975
22 0.5 8.25 1.875
23 0.5 8.25 1.875
24 0.5 8.25 1.875
25 0.5 8.25 1.875
26 0.5 11.5 2.2
27 0.5 10.5 2.1
28 0.5 10.5 2.1
29 0.5 10.5 2.1
30 0.5 10.5 2.1
31 0.5 10.5 2.1
32 0.5 10.5 2.1
33 0.5 10.5 2.1
34 0.5 12.25 2.275
35 0.5 12.25 2.375
36 0.5 12.25 2.375
37 0.5 12.25 2.375
38 0.5 7.75 1.925
39 0.5 7.75 1.925
40 0.5 7.75 1.925
41 0.5 7.75 1.925
42 0.5 7.75 1.925
43 0.5 10.5 2.8
44 0.5 12.25 2.975
45 0.5 10.5 2.8
46 0.5 10.0 2.825
47 0.5 10.0 2.825
48 0.5 9.25 2.575
49 0.5 8.25 2.475
50 0.5 8.25 2.475
51 0.5 8.25 2.475
52 0.5 8.5 2.5
53 0.5 9.0 2.55
54 0.5 9.0 2.55
55 0.5 11.0 3.075
56 0.5 11.0 3.075
57 0.5 11.0 3.075
58 0.5 11.0 3.075
59 0.5 11.0 3.075
60 0.5 12.5 3.225
61 0.5 12.5 3.225
62 0.5 10.75 2.975
63 0.5 10.75 2.975
64 0.5 10.75 2.975
65 0.5 10.0 2.725
66 0.5 10.0 2.725
67 0.5 10.0 2.725
68 0.5 8.25 2.45
69 0.5 8.25 2.45
70 0.5 8.25 2.45
71 0.5 8.25 2.45
72 0.5 8.25 2.45
73 0.5 9.0 2.525
74 0.5 9.0 2.525
75 0.5 10.5 2.675
76 0.5 10.5 2.675
77 0.5 10.5 2.775
78 0.5 10.5 2.775
79 0.5 7.25 2.05
80 0.5 7.25 2.05
81 0.5 7.25 2.05
82 0.5 7.25 2.05
83 0.5 7.25 2.05
84 0.5 7.25 2.05
85 0.5 7.25 2.05
86 0.5 7.25 2.05
87 0.5 7.25 2.05
88 0.5 7.25 2.05
89 0.5 7.25 2.05
90 0.5 11.5 2.475
91 0.5 11.5 2.475
92 0.5 11.5 2.475
93 0.5 10.25 2.35
94 0.5 10.25 2.35
95 0.5 10.25 2.35
96 0.5 10.25 2.35
97 0.5 10.25 2.35
98 0.5 10.25 2.55
99 0.5 10.75 3.15
00 06 0.55 11.8 2.7833333333333337
01 06 0.55 9.05 2.3250000000000006
02 07 0.55 9.05 2.1500000000000004
03 08 0.55 2.5 1.3
04 09 0.55 8.3 1.8611111111111116
05 0.55 8.3 1.7550000000000003
06 0.55 9.55 1.8800000000000003
07 0.55 7.6 1.685
08 0.55 7.6 1.685
09 0.55 7.6 1.685
10 0.55 11.85 2.1100000000000003
11 0.55 11.85 2.1100000000000003
12 0.55 11.85 2.1100000000000003
13 0.55 9.6 1.8850000000000002
14 0.55 9.6 1.8850000000000002
15 0.55 9.9 1.9150000000000003
16 0.55 9.9 1.9150000000000003
17 0.55 10.45 1.9700000000000002
18 0.55 7.3 2.1900000000000004
19 0.55 7.949999999999999 2.2550000000000003
20 0.55 7.949999999999999 2.2550000000000003
21 0.55 7.949999999999999 2.2550000000000003
22 0.55 7.949999999999999 2.2550000000000003
23 0.55 7.949999999999999 2.2550000000000003
24 0.55 7.949999999999999 2.2550000000000003
25 0.55 10.05 2.4650000000000007
26 0.55 10.05 2.4650000000000007
27 0.55 8.45 2.3050000000000006
28 0.55 8.45 2.3050000000000006
29 0.55 11.4 2.6000000000000005
30 0.55 11.4 2.6000000000000005
31 0.55 11.4 2.6000000000000005
32 0.55 11.4 2.6000000000000005
33 0.55 13.0 2.7600000000000002
34 0.55 7.25 1.6250000000000004
35 0.55 9.35 1.8350000000000002
36 0.55 9.35 1.8350000000000002
37 0.55 2.55 1.155
38 0.55 10.95 1.9950000000000003
39 0.55 10.95 1.9950000000000003
40 0.55 10.95 1.9950000000000003
41 0.55 1.85 1.0850000000000002
42 0.55 10.4 2.74
43 0.55 11.649999999999999 2.865
44 0.55 11.649999999999999 2.865
45 0.55 11.649999999999999 2.865
46 0.55 11.9 2.89
47 0.55 9.649999999999999 2.66
48 0.55 10.25 2.72
49 0.55 10.25 2.72
50 0.55 10.25 2.72
51 0.55 11.9 2.8850000000000002
52 0.55 11.9 2.8850000000000002
53 0.55 11.9 2.8850000000000002
54 0.55 11.9 2.8850000000000002
55 0.55 11.9 2.8850000000000002
56 0.55 11.9 2.8850000000000002
57 0.55 11.9 2.8850000000000002
58 0.55 11.9 2.8850000000000002
59 0.55 11.9 2.8850000000000002
60 0.55 11.9 2.8850000000000002
61 0.55 11.2 2.8150000000000004
62 0.55 11.2 2.8150000000000004
63 0.55 9.6 2.5650000000000004
64 0.55 9.6 2.5650000000000004
65 0.55 9.6 2.5650000000000004
66 0.55 9.05 2.5100000000000002
67 0.55 11.899999999999999 2.7950000000000004
68 0.55 11.899999999999999 2.7950000000000004
69 0.55 11.25 2.7300000000000004
70 0.55 11.25 2.8750000000000004
71 0.55 11.25 2.8750000000000004
72 0.55 11.25 2.8750000000000004
73 0.55 11.25 2.8750000000000004
74 0.55 10.6 2.81
75 0.55 10.6 3.035
76 0.55 10.6 3.035
77 0.55 8.7 2.8150000000000004
78 0.55 8.4 2.7250000000000005
79 0.55 8.4 2.7250000000000005
80 0.55 9.7 2.8550000000000004
81 0.55 9.55 2.8400000000000007
82 0.55 9.55 2.8400000000000007
83 0.55 9.55 2.8400000000000007
84 0.55 7.8 2.5300000000000002
85 0.55 6.449999999999999 2.1650000000000005
86 0.55 6.449999999999999 2.1650000000000005
87 0.55 6.449999999999999 2.1650000000000005
88 0.55 10.55 2.5750000000000006
89 0.55 12.049999999999999 2.7250000000000005
90 0.55 9.4 2.460000000000001
91 0.55 7.75 2.2950000000000004
92 0.55 4.35 1.9550000000000005
93 0.55 4.35 1.9550000000000005
94 0.55 4.35 1.9550000000000005
95 0.55 4.15 1.8200000000000003
96 0.55 10.95 3.225
97 0.55 10.95 3.225
98 0.55 10.95 3.225
99 0.55 10.95 3.225
00 04 0.95 2.05 1.4
01 04 0.95 2.05 1.4
02 04 0.95 2.05 1.4
03 04 0.95 15.399999999999999 4.7375
04 06 0.6499999999999999 15.399999999999999 3.7999999999999994
05 07 0.6499999999999999 15.399999999999999 3.535714285714285
06 07 0.6499999999999999 15.399999999999999 3.535714285714285
07 09 0.6499999999999999 15.399999999999999 3.044444444444444
08 09 0.6499999999999999 15.399999999999999 3.044444444444444
09 09 0.6499999999999999 11.85 2.6499999999999995
10 0.6499999999999999 13.45 2.6799999999999993
11 0.6499999999999999 13.45 2.6799999999999993
12 0.6499999999999999 8.45 2.1799999999999997
13 0.6499999999999999 8.45 2.1799999999999997
14 0.6499999999999999 8.45 2.1799999999999997
15 0.6499999999999999 8.45 2.1799999999999997
16 0.6499999999999999 8.45 2.1799999999999997
17 0.6499999999999999 8.45 2.1799999999999997
18 0.6499999999999999 8.45 2.1799999999999997
19 0.6499999999999999 11.049999999999999 2.44
20 0.6499999999999999 11.049999999999999 2.44
21 0.6499999999999999 11.2 2.4549999999999996
22 0.6499999999999999 11.2 2.4549999999999996
23 0.6499999999999999 11.2 2.4549999999999996
24 0.6499999999999999 11.2 2.4549999999999996
25 0.6499999999999999 11.2 2.4549999999999996
26 0.6499999999999999 11.2 2.4549999999999996
27 0.6499999999999999 11.2 2.4549999999999996
28 0.6499999999999999 11.2 2.4549999999999996
29 0.6499999999999999 11.2 2.4549999999999996
30 0.6499999999999999 11.2 2.4549999999999996
31 0.6499999999999999 11.2 2.4549999999999996
32 0.6499999999999999 11.2 2.4549999999999996
33 0.6499999999999999 11.2 2.4549999999999996
34 0.6499999999999999 11.2 2.4549999999999996
35 0.6499999999999999 11.2 2.4549999999999996
36 0.6499999999999999 11.2 2.7749999999999995
37 0.6499999999999999 11.2 2.7749999999999995
38 0.6499999999999999 11.2 2.7749999999999995
39 0.6499999999999999 12.049999999999999 3.289999999999999
40 0.6499999999999999 10.7 2.34
41 0.6499999999999999 10.7 2.34
42 0.6499999999999999 10.7 2.34
43 0.6499999999999999 10.7 2.34
44 0.6499999999999999 9.75 2.245
45 0.6499999999999999 9.75 2.245
46 0.6499999999999999 9.75 2.245
47 0.6499999999999999 10.7 2.34
48 0.6499999999999999 13.949999999999998 2.6649999999999996
49 0.6499999999999999 10.95 2.3649999999999998
50 0.6499999999999999 10.95 2.3649999999999998
51 0.6499999999999999 10.95 2.3649999999999998
52 0.6499999999999999 10.95 2.3649999999999998
53 0.6499999999999999 10.95 2.3649999999999998
54 0.6499999999999999 10.549999999999999 2.3249999999999997
55 0.6499999999999999 12.25 2.495
56 0.6499999999999999 11.299999999999999 2.3999999999999995
57 0.6499999999999999 11.35 2.405
58 0.6499999999999999 9.35 2.2049999999999996
59 0.6499999999999999 9.35 2.2049999999999996
60 0.6499999999999999 12.799999999999999 2.55
61 0.95 12.799999999999999 2.645
62 0.95 13.3 2.6950000000000003
63 0.95 12.45 2.61
64 0.95 12.45 2.61
65 0.95 12.85 2.65
66 0.95 10.549999999999999 2.4199999999999995
67 0.95 11.6 2.525
68 0.95 11.6 2.525
69 0.95 11.6 2.525
70 0.95 14.45 2.8099999999999996
71 0.95 14.45 2.8099999999999996
72 0.95 14.45 2.8099999999999996
73 0.95 14.45 2.8099999999999996
74 0.95 14.45 2.8099999999999996
75 0.95 14.45 2.8099999999999996
76 0.95 14.45 2.8099999999999996
77 0.95 14.45 3.0349999999999997
78 0.95 14.45 3.0349999999999997
79 0.95 14.45 3.0349999999999997
80 0.95 14.45 3.0349999999999997
81 0.95 14.45 3.0349999999999997
82 0.95 14.45 3.0349999999999997
83 0.95 14.45 3.0349999999999997
84 0.95 14.45 3.0349999999999997
85 0.95 10.4 2.63
86 0.95 10.4 2.63
87 0.95 10.4 2.63
88 0.95 10.4 2.63
89 0.95 10.4 2.63
90 0.95 10.4 2.63
91 0.95 10.4 2.63
92 0.95 14.25 3.015
93 0.95 11.2 2.71
94 0.95 11.2 2.71
95 0.95 14.05 3.905
96 0.95 14.05 3.905
97 0.95 14.05 3.905
98 0.95 14.05 3.905
99 0.95 14.05 3.905
00 03 1.0499999999999998 4.199999999999999 2.683333333333333
01 05 0.7 6.3 2.38
02 06 0.7 6.3 2.275
03 06 0.7 6.3 2.275
04 07 0.7 6.3 2.2499999999999996
05 07 0.7 6.3 2.6
06 09 0.7 6.3 2.372222222222222
07 09 0.7 6.3 2.372222222222222
08 09 0.7 10.5 2.838888888888889
09 09 0.7 10.5 2.838888888888889
10 09 0.7 10.5 2.838888888888889
11 0.7 10.5 2.73
12 0.7 10.5 2.73
13 0.7 10.5 2.73
14 0.7 10.5 2.73
15 0.7 10.5 2.73
16 0.7 10.5 2.73
17 0.7 10.5 2.73
18 0.7 10.5 2.73
19 0.7 10.5 2.73
20 0.7 10.5 2.73
21 0.7 10.5 2.73
22 0.7 10.5 2.73
23 0.7 10.5 2.73
24 0.7 10.5 2.73
25 0.7 20.299999999999997 3.7099999999999995
26 0.7 6.3 2.6599999999999997
27 0.7 6.3 2.6599999999999997
28 0.7 6.3 2.835
29 0.7 6.3 2.835
30 0.7 6.299999999999999 2.8
31 0.7 6.299999999999999 2.8
32 0.7 11.549999999999999 3.325
33 0.7 5.949999999999999 2.52
34 0.7 5.949999999999999 2.52
35 0.7 5.949999999999999 2.52
36 0.7 5.949999999999999 2.52
37 0.7 5.949999999999999 2.52
38 0.7 5.949999999999999 2.52
39 0.7 11.549999999999999 3.6399999999999997
40 0.7 12.95 3.78
41 0.7 12.95 3.78
42 0.7 12.95 3.78
43 0.7 12.95 3.78
44 0.7 12.95 3.78
45 0.7 9.799999999999999 3.3949999999999996
46 0.7 11.899999999999999 3.6049999999999995
47 0.7 11.899999999999999 3.6049999999999995
48 0.7 11.899999999999999 3.6049999999999995
49 0.7 11.899999999999999 3.6049999999999995
50 0.7 11.899999999999999 3.6049999999999995
51 0.7 10.149999999999999 3.4299999999999997
52 0.7 10.149999999999999 3.4299999999999997
53 0.7 10.149999999999999 3.4299999999999997
54 0.7 14.0 3.815
55 0.7 3.5 2.065
56 0.7 3.8499999999999996 2.1000000000000005
57 0.7 3.8499999999999996 2.1000000000000005
58 0.7 3.8499999999999996 2.1000000000000005
59 0.7 13.3 3.045000000000001
60 0.7 8.75 2.5900000000000003
61 0.7 11.899999999999999 2.9050000000000002
62 0.7 11.899999999999999 2.9050000000000002
63 0.7 11.9 2.9050000000000002
64 0.7 15.75 3.29
65 0.7 15.75 3.29
66 0.7 10.5 2.765
67 0.7 12.6 2.9750000000000005
68 0.7 12.6 3.22
69 0.7 12.6 3.22
70 0.7 12.6 3.22
71 0.7 12.6 3.22
72 0.7 12.6 3.22
73 0.7 4.199999999999999 2.2399999999999998
74 0.7 4.199999999999999 2.2399999999999998
75 0.7 4.199999999999999 2.2399999999999998
76 0.7 4.199999999999999 2.2399999999999998
77 0.7 4.199999999999999 2.2399999999999998
78 0.7 12.6 3.0799999999999996
79 0.7 12.6 3.0799999999999996
80 0.7 12.6 3.0799999999999996
81 0.7 14.0 3.22
82 0.7 14.0 3.22
83 0.7 14.0 3.22
84 0.7 14.0 3.22
85 0.7 14.0 3.22
86 0.7 8.75 2.695
87 0.7 8.75 2.695
88 0.7 8.75 2.695
89 0.7 8.75 2.695
90 0.7 8.75 2.695
91 0.7 8.75 2.695
92 0.7 12.25 3.9900000000000007
93 0.7 12.25 3.85
94 0.7 12.25 3.85
95 0.7 12.25 3.85
96 0.7 12.25 3.85
97 0.7 12.599999999999998 3.8850000000000002
98 0.7 11.899999999999999 3.85
99 1.0499999999999998 11.899999999999999 3.9550000000000005
00 06 0.8 13.2 4.0
01 07 1.6 13.2 3.9999999999999996
02 08 1.6 17.6 4.5
03 08 1.6 17.6 4.5
04 1.2000000000000002 15.600000000000001 3.6800000000000006
05 1.2000000000000002 14.8 3.6000000000000005
06 1.2000000000000002 15.6 3.6800000000000006
07 1.2000000000000002 15.6 3.6800000000000006
08 1.2000000000000002 15.6 3.6800000000000006
09 1.2000000000000002 15.6 3.6800000000000006
10 1.2000000000000002 15.6 3.6800000000000006
11 1.2000000000000002 18.8 4.000000000000001
12 1.2000000000000002 18.8 4.000000000000001
13 1.2000000000000002 14.400000000000002 3.560000000000001
14 1.2000000000000002 14.4 3.56
15 1.2000000000000002 14.4 3.56
16 1.2000000000000002 14.4 3.56
17 1.2000000000000002 14.4 3.56
18 1.2000000000000002 12.400000000000002 3.7600000000000002
19 1.2000000000000002 13.200000000000001 3.8400000000000007
20 1.2000000000000002 13.200000000000001 3.8400000000000007
21 1.2000000000000002 13.200000000000001 3.8400000000000007
22 1.2000000000000002 7.600000000000001 2.9200000000000004
23 1.2000000000000002 7.600000000000001 2.9200000000000004
24 1.2000000000000002 12.0 3.3600000000000003
25 1.2000000000000002 14.8 3.6400000000000006
26 1.2000000000000002 14.8 3.6400000000000006
27 1.2000000000000002 13.2 3.4800000000000004
28 1.2000000000000002 14.8 4.720000000000001
29 1.2000000000000002 14.8 4.720000000000001
30 1.2000000000000002 14.8 4.720000000000001
31 1.2000000000000002 14.8 4.720000000000001
32 1.2000000000000002 14.8 4.720000000000001
33 1.2000000000000002 14.8 4.720000000000001
34 1.2000000000000002 20.400000000000002 5.28
35 1.2000000000000002 20.400000000000002 5.28
36 1.2000000000000002 20.400000000000002 5.28
37 1.2000000000000002 14.8 4.680000000000001
38 1.2000000000000002 14.4 4.48
39 1.2000000000000002 12.8 4.16
40 1.2000000000000002 12.8 4.16
41 1.2000000000000002 13.600000000000001 4.24
42 1.2000000000000002 19.200000000000003 4.800000000000001
43 1.2000000000000002 11.2 3.400000000000001
44 1.2000000000000002 11.2 3.400000000000001
45 1.2000000000000002 12.4 3.5200000000000005
46 1.2000000000000002 14.0 3.6800000000000006
47 1.2000000000000002 14.0 3.6800000000000006
48 1.2000000000000002 14.0 3.6800000000000006
49 1.2000000000000002 11.6 3.4400000000000004
50 1.2000000000000002 11.6 3.4400000000000004
51 1.2000000000000002 16.0 3.8800000000000003
52 1.2000000000000002 16.0 3.8800000000000003
53 1.2000000000000002 16.0 3.8800000000000003
54 1.2000000000000002 16.0 3.8800000000000003
55 1.2000000000000002 16.0 3.8800000000000003
56 1.2000000000000002 16.0 3.8800000000000003
57 1.2000000000000002 16.0 3.8800000000000003
58 1.2000000000000002 16.0 3.8800000000000003
59 1.2000000000000002 14.400000000000002 3.720000000000001
60 1.2000000000000002 14.400000000000002 3.720000000000001
61 1.2000000000000002 5.200000000000001 2.7200000000000006
62 1.6 16.0 3.9200000000000004
63 1.6 15.200000000000001 4.64
64 1.6 15.200000000000001 4.64
65 1.6 15.200000000000001 4.64
66 1.6 15.200000000000001 4.64
67 1.6 15.200000000000001 4.64
68 1.6 15.200000000000001 4.64
69 1.6 15.200000000000001 4.64
70 1.6 15.2 4.64
71 1.6 17.2 5.04
72 1.6 14.0 4.720000000000001
73 1.6 14.0 4.720000000000001
74 1.6 14.0 4.720000000000001
75 1.6 16.8 5.0
76 1.6 16.8 5.0
77 1.6 15.200000000000003 4.840000000000001
78 1.6 15.200000000000003 4.840000000000001
79 1.6 15.200000000000003 4.840000000000001
80 1.6 13.600000000000001 4.680000000000001
81 1.6 13.600000000000001 4.680000000000001
82 1.6 13.600000000000001 4.680000000000001
83 1.6 13.600000000000001 4.680000000000001
84 1.6 13.600000000000001 4.680000000000001
85 1.6 13.600000000000001 4.680000000000001
86 1.6 13.600000000000001 4.680000000000001
87 1.6 13.600000000000001 4.680000000000001
88 1.6 14.8 5.08
89 1.6 14.8 5.08
90 1.6 14.8 5.08
91 1.6 14.8 5.08
92 1.6 14.8 5.08
93 1.6 14.8 5.08
94 1.6 14.8 5.08
95 1.6 14.8 5.08
96 1.6 14.8 5.08
97 1.6 12.4 4.84
98 1.6 12.4 4.84
99 1.6 12.4 4.84
00 04 208.21812021732322 313.9743702173231 262.3175342798232
01 06 208.21812021732322 703.0141887109726 354.12966716556485
02 06 208.21812021732322 686.5948838472365 351.39311635494215
03 06 208.21812021732322 686.5948838472365 403.50954784949613
04 06 208.21812021732322 626.5549904346467 324.53438411951055
05 06 208.21812021732322 346.9692516565322 254.88774429162333
06 06 207.5040577173232 213.22124521732317 210.59312021732322
07 07 207.5040577173232 313.9306202173231 225.3556202173232
08 09 207.5040577173232 345.01104853153214 236.9821131202909
09 207.5040577173232 525.1487404346466 278.39696028470985
10 207.5040577173232 525.1487404346466 278.39696028470985
11 207.5040577173232 525.1487404346466 278.39696028470985
12 207.5040577173232 338.5562145471571 248.8883662855625
13 207.5040577173232 338.5562145471571 248.8883662855625
14 207.5040577173232 729.0633638381955 280.7937726819515
15 207.5040577173232 643.7668426990512 272.2641205680371
16 207.5040577173232 643.7668426990512 272.2641205680371
17 207.5040577173232 643.7668426990512 272.2641205680371
18 207.5040577173232 627.9174904346464 270.67918534159656
19 207.5040577173232 627.9174904346464 270.67918534159656
20 207.5040577173232 627.0190529346467 270.58934159159656
21 207.5040577173232 627.0190529346467 270.58934159159656
22 207.5040577173232 654.5290222644805 304.7005880463123
23 207.5040577173232 716.0855175495144 310.85623757481574
24 207.5040577173232 733.6473856568333 320.32438814416525
25 207.5040577173232 526.0034279346467 273.5323643864691
26 207.5040577173232 705.7569230318067 287.3433160936832
27 207.5040577173232 705.7569230318067 287.3433160936832
28 207.5040577173232 290.65129094123847 237.65677956223485
29 207.5040577173232 290.65129094123847 237.65677956223485
30 207.5040577173232 290.65129094123847 237.65677956223485
31 207.5040577173232 284.4225580334665 231.07388983130448
32 207.5040577173232 249.49221727848038 222.0599001359939
33 207.5040577173232 639.387350511551 261.049413459301
34 207.5040577173232 244.4581676721573 218.0178029298782
35 207.5040577173232 244.4581676721573 218.0178029298782
36 207.5040577173232 240.2417927026748 214.61942318439478
37 207.5040577173232 240.2417927026748 214.61942318439478
38 207.5040577173232 240.2417927026748 214.61942318439478
39 207.5040577173232 240.2417927026748 214.61942318439478
40 207.5040577173232 240.2417927026748 214.61942318439478
41 207.5040577173232 240.2417927026748 214.61942318439478
42 207.5040577173232 224.82239363193494 211.4585403108596
43 207.5040577173232 215.55164148807523 210.23373796939842
44 207.5040577173232 215.55164148807523 210.23373796939842
45 207.5040577173232 215.55164148807523 210.23373796939842
46 207.5040577173232 215.55164148807523 210.23373796939842
47 207.5040577173232 212.74390146732316 209.94257334232321
48 207.5040577173232 212.74390146732316 209.94257334232321
49 207.5040577173232 212.74390146732316 209.94257334232321
50 207.5040577173232 212.74390146732316 209.94257334232321
51 207.5040577173232 212.74390146732316 209.94257334232321
52 208.21812021732322 520.0594826221467 241.19811583280557
53 208.21812021732322 520.0594826221467 241.19811583280557
54 208.21812021732322 667.3409470081326 255.92626227140417
55 208.21812021732322 667.3409470081326 255.92626227140417
56 208.21812021732322 667.3409470081326 287.2069219493865
57 208.21812021732322 667.3409470081326 287.2069219493865
58 208.21812021732322 667.3409470081326 287.2069219493865
59 208.21812021732322 667.3409470081326 287.2069219493865
60 208.21812021732322 521.4817482471466 241.29620177030557
61 208.21812021732322 521.4817482471466 241.29620177030557
62 208.0040577173232 212.74390146732316 209.94843271732321
63 208.0040577173232 626.8596779346466 251.36001036405554
64 208.0040577173232 212.6399952173232 209.4744483423232
65 208.0040577173232 212.6399952173232 209.4744483423232
66 208.0040577173232 212.57437021732312 209.27444834232318
67 208.0040577173232 212.57437021732312 209.27444834232318
68 208.0040577173232 212.57437021732312 209.27444834232318
69 208.0040577173232 210.63999521732316 208.83335459232322
70 208.0040577173232 210.63999521732316 208.83335459232322
71 208.0040577173232 210.63999521732316 208.83335459232322
72 208.0040577173232 210.63999521732316 208.83335459232322
73 208.0040577173232 210.63999521732316 208.83335459232322
74 208.0040577173232 621.8753029346467 249.95688536405555
75 208.0040577173232 621.8753029346467 249.95688536405555
76 208.0040577173232 659.4087570667267 295.4201677989959
77 208.0040577173232 659.4087570667267 295.4201677989959
78 208.0040577173232 659.4087570667267 295.4201677989959
79 208.0040577173232 659.4087570667267 295.4201677989959
80 208.0040577173232 659.4087570667267 295.4201677989959
81 208.0040577173232 639.9686005115512 252.00863699674602
82 208.0040577173232 639.9686005115512 252.00863699674602
83 208.0040577173232 621.1479591846463 249.76766661405549
84 208.0040577173232 210.33843271732317 208.68671396732321
85 208.0040577173232 210.33843271732317 208.68671396732321
86 208.0040577173232 210.33843271732317 208.68671396732321
87 208.0040577173232 210.33843271732317 208.68671396732321
88 208.0040577173232 209.07124521732328 208.40382334232322
89 208.0040577173232 209.07124521732328 208.40382334232322
90 208.0040577173232 631.2864235401155 250.57268492460244
91 208.0040577173232 631.2864235401155 250.57268492460244
92 208.0040577173232 631.2864235401155 250.57268492460244
93 208.0040577173232 631.2864235401155 250.57268492460244
94 208.0040577173232 631.2864235401155 250.57268492460244
95 207.59702646732322 208.66265146732323 208.20374521732325
96 207.59702646732322 208.66265146732323 208.20374521732325
97 207.59702646732322 213.0985889673232 208.64733896732324
98 207.59702646732322 646.6344910144804 252.00092917203892
99 207.59702646732322 209.67749521732324 208.3052295923232
00 05 222.18184891939143 275.54813654422753 255.50412004709233
01 06 191.44737513065334 580.9079801917078 292.0999267498651
02 06 191.44737513065334 578.8338508971032 344.46131944072727
03 07 191.44737513065334 587.6802304565905 336.84396863452014
04 07 191.44737513065334 583.0816406607629 320.40361605882634
05 09 191.44737513065334 277.99180872440326 231.21789741516102
06 191.44737513065334 281.6511837244032 233.0929672793908
07 191.44737513065334 269.03629572391503 224.91648467995898
08 191.09512903690333 536.3180832386018 242.3669881181283
09 191.09512903690333 541.6805832386018 242.85448811812827
10 191.09512903690333 483.205663347244 239.56443942351763
11 191.09512903690333 258.7761158227919 214.29971796707662
12 191.09512903690333 222.230778324604 204.9259632229804
13 191.09512903690333 559.4254923343658 235.91367421366948
14 191.09512903690333 559.4254923343658 235.91367421366948
15 188.48355677127822 220.62607251405703 199.08785455552007
16 188.48355677127822 549.2173019886018 228.95978450775138
17 188.48355677127822 553.9940353870393 229.39403299851844
18 188.48355677127822 555.5245651721951 227.50319963801982
19 188.48355677127822 555.5245651721951 253.99540819038037
20 188.48355677127822 547.0864426136014 226.65789712559084
21 188.48355677127822 550.624173784256 226.9795090501958
22 188.48355677127822 205.69634058475472 194.17590093395918
23 188.48355677127822 542.8180832386015 224.82333208430884
24 188.48355677127822 561.1286385059356 226.48792801770287
25 188.48355677127822 198.24909327030173 191.52028079249632
26 188.48355677127822 541.5498215198517 222.62505225268268
27 188.48355677127822 541.5498215198517 222.62505225268268
28 188.48355677127822 191.70987513065333 190.7886304573578
29 188.48355677127822 562.6450935840604 224.44295518181525
30 188.48355677127822 191.44737513065334 190.45517875281237
31 188.48355677127822 191.34918177127824 190.4318832982669
32 188.48355677127822 548.7711105823512 255.33038828806428
33 188.48355677127822 548.7711105823512 255.33038828806428
34 188.48355677127822 547.6527512073515 222.84641233790992
35 188.48355677127822 547.6527512073515 222.84641233790992
36 188.48355677127822 191.5933712244033 190.47737779400552
37 188.48355677127822 567.9013710498807 224.68719595995802
38 188.48355677127822 191.44737513065334 190.44061909372147
39 188.48355677127822 191.3083126306533 190.4279770482669
40 188.48355677127822 191.5665157556533 190.45145005963056
41 188.48355677127822 542.6423019886017 222.33503538478496
42 188.48355677127822 542.6423019886017 222.33503538478496
43 188.48355677127822 569.0446526050565 224.61233980872402
44 188.48355677127822 191.7114864587783 190.3093247045169
45 188.48355677127822 540.1074875354767 248.39756309552615
46 188.31905481815326 481.4527580738067 216.4167964848604
47 188.31905481815326 555.7265907764432 223.2114524407819
48 188.31905481815326 191.56251184940334 190.0579353224146
49 188.31905481815326 191.0379024744033 189.99330464059642
50 188.31905481815326 190.85157434940334 189.969813873551
51 188.31905481815326 190.85157434940334 189.969813873551
52 188.31905481815326 190.8499141931533 189.96966295025553
53 188.18438684940327 574.4509041309354 224.60018174431525
54 188.18438684940327 574.4509041309354 224.60018174431525
55 188.18438684940327 548.2788742542266 222.2209063009781
56 188.18438684940327 191.0493770837783 189.745497467301
57 188.18438684940327 541.8311203479766 252.8469188278371
58 188.18438684940327 541.8311203479766 252.8469188278371
59 188.18438684940327 543.6165207386016 253.00922795425757
60 188.18438684940327 543.6165207386016 279.4036470890045
61 188.18438684940327 534.1665695667268 247.3241411317478
62 188.18438684940327 534.1665695667268 247.3241411317478
63 188.18438684940327 480.9538567066192 216.08729763897972
64 188.18438684940327 571.2607674121854 224.3730421846562
65 188.18438684940327 553.3938034534452 222.7334628972139
66 188.18438684940327 479.5689690113065 216.19033608003085
67 188.18438684940327 550.6099777698519 222.64860960353496
68 188.18438684940327 563.6542732715603 223.83445464914485
69 188.18438684940327 191.63492395877833 189.9601059545169
70 188.18438684940327 191.44737513065334 189.86410098292598
71 188.18438684940327 556.8120399951933 223.07907051606597
72 188.18438684940327 572.7394295215604 257.6410412810064
73 188.18438684940327 555.290726518631 255.05367812460108
74 188.18438684940327 534.0184738636017 221.0122637228531
75 188.18438684940327 534.0184738636017 221.0122637228531
76 188.18438684940327 191.09512903690333 189.81512193463053
77 188.18438684940327 485.1745476245877 216.5557269269768
78 188.18438684940327 191.06451380252835 189.81845112497146
79 188.18438684940327 190.7419552087782 189.66009707667598
80 188.18438684940327 190.57886927127828 189.56482008803962
81 188.18438684940327 191.71124231815335 189.66776309230102
82 188.18438684940327 856.5192387342453 282.7842619765888
83 188.18438684940327 856.5192387342453 282.7842619765888
84 188.18438684940327 550.0351242542267 222.26893985921677
85 188.18438684940327 550.0351242542267 222.26893985921677
86 188.18438684940327 544.9822433948516 221.80958705381906
87 188.18438684940327 191.61148645877833 189.57656103264196
88 188.18438684940327 571.0674065113071 223.9951922590082
89 188.18438684940327 191.6098751306533 189.49915513775557
90 188.18438684940327 191.79268763065332 189.5157744559374
91 188.18438684940327 190.37315638065326 189.25269295735782
92 188.18438684940327 549.5249191761013 222.00998655665992
93 188.18438684940327 190.98946497440323 189.184804107926
94 188.18438684940327 190.72579309940326 189.16083393747147
95 188.18438684940327 191.0493770837783 189.19025066332372
96 187.9487911462783 189.71031458377823 188.9083792144601
97 187.9487911462783 548.7549355030062 221.54879929802635
98 187.9487911462783 559.4198036670683 222.5183327674865
99 187.9487911462783 559.4198036670683 222.5183327674865
00 03 296.7349808692932 308.6294632911682 301.99355834325155
01 04 296.7349808692932 325.07075662612925 307.76285791397095
02 05 194.43185586929323 319.5175461769103 283.9860154151917
03 07 194.43185586929323 316.0112961769103 283.7367804748671
04 08 194.43185586929323 678.6371041059491 335.0793380185961
05 194.43185586929323 678.6371041059491 330.2338293206691
06 194.43185586929323 678.6371041059491 330.2338293206691
07 194.43185586929323 331.85143289566037 282.53611699700355
08 194.43185586929323 331.85143289566037 282.53611699700355
09 194.43185586929323 316.74360818862914 276.79359655380244
10 194.43185586929323 308.6294632911682 265.8196869468689
11 194.43185586929323 308.6294632911682 265.8196869468689
12 194.43185586929323 304.9599808692933 255.80008245468144
13 194.43185586929323 648.6025160372254 288.1342058753967
14 194.43185586929323 648.6025160372254 318.949461774826
15 194.43185586929323 648.6025160372254 318.949461774826
16 194.43185586929323 658.3225506305691 319.92146523416034
17 194.43185586929323 658.3225506305691 319.92146523416034
18 194.43185586929323 658.3225506305691 319.92146523416034
19 194.43185586929323 658.3225506305691 319.92146523416034
20 194.43185586929323 658.3225506305691 319.92146523416034
21 194.43185586929323 658.3225506305691 319.92146523416034
22 194.43185586929323 516.585977363586 278.2017263931035
23 194.43185586929323 516.585977363586 278.2017263931035
24 194.43185586929323 703.2321569561959 296.86634435236454
25 194.43185586929323 703.2321569561959 296.86634435236454
26 194.43185586929323 659.7748382568356 292.5206124824285
27 194.43185586929323 653.998156929016 291.94294434964655
28 194.43185586929323 653.998156929016 291.94294434964655
29 194.43185586929323 300.61623086929325 252.85879968106752
30 194.43185586929323 694.0009805202483 292.19727464616295
31 194.43185586929323 296.7349808692932 249.5760551184416
32 194.43185586929323 296.7349808692932 249.5760551184416
33 194.43185586929323 657.7120315313341 282.19450801789765
34 194.43185586929323 657.7120315313341 282.19450801789765
35 194.43185586929323 267.78878524303434 238.8511105781794
36 194.43185586929323 688.5700912475584 280.92924117863174
37 194.43185586929323 646.64174823761 276.7364068776369
38 194.43185586929323 615.6965242385862 273.64188447773455
39 194.43185586929323 645.7585899353027 276.6480910474062
40 194.43185586929323 645.7585899353027 276.6480910474062
41 194.43185586929323 645.7585899353027 276.6480910474062
42 194.43185586929323 645.7585899353027 276.6480910474062
43 194.43185586929323 645.7585899353027 276.6480910474062
44 194.43185586929323 645.7585899353027 276.6480910474062
45 194.43185586929323 263.1567102432251 237.31730660259728
46 194.43185586929323 628.6174806594847 273.86338364422323
47 194.43185586929323 652.3760183334347 276.2392374116182
48 194.43185586929323 657.5206888198849 276.75370446026324
49 194.43185586929323 257.9362092018128 233.60884185612204
50 194.43185586929323 257.9362092018128 233.60884185612204
51 194.43185586929323 257.9362092018128 233.60884185612204
52 194.43185586929323 254.12492750287058 227.6862190228701
53 194.43185586929323 253.35082926079633 227.60880919866267
54 194.43185586929323 253.35082926079633 227.60880919866267
55 194.43185586929323 694.1676965713497 273.5576259934902
56 194.43185586929323 694.1676965713497 273.5576259934902
57 194.43185586929323 271.122046124935 230.1249634408951
58 194.43185586929323 259.8410710453987 228.32713437199595
59 194.43185586929323 259.8410710453987 228.32713437199595
60 194.43185586929323 259.8410710453987 228.32713437199595
61 194.43185586929323 259.8410710453987 228.32713437199595
62 194.43185586929323 616.6223390579221 264.0052611732483
63 194.43185586929323 616.6223390579221 264.0052611732483
64 194.43185586929323 605.9025270462033 262.93327997207643
65 194.43185586929323 267.35487279891976 228.89656027793885
66 194.43185586929323 685.8199296452101 270.7430659625679
67 194.43185586929323 685.8199296452101 270.7430659625679
68 194.43185586929323 251.73151845932003 227.24016251564026
69 194.43185586929323 708.0080244064329 272.86781311035156
70 194.43185586929323 259.27218599319457 227.9942292690277
71 194.43185586929323 259.27218599319457 227.9942292690277
72 194.43185586929323 259.27218599319457 227.9942292690277
73 194.43185586929323 274.8947544291616 229.5564861126244
74 194.43185586929323 274.8947544291616 229.5564861126244
75 194.43185586929323 650.8083526752886 297.2644690241665
76 194.43185586929323 502.82621173858655 251.65900684356694
77 194.43185586929323 668.9865502357482 268.9021417567134
78 194.43185586929323 603.4449617385861 262.3479829069972
79 194.43185586929323 603.4449617385861 262.3479829069972
80 194.43185586929323 257.59522337615493 226.47061309307816
81 194.43185586929323 257.59522337615493 226.47061309307816
82 194.43185586929323 667.7159894376991 270.2066648450494
83 194.43185586929323 679.8720574140546 272.39489946089685
84 194.43185586929323 268.43768815994264 226.72295579433444
85 194.43185586929323 268.43768815994264 226.72295579433444
86 194.43185586929323 259.88452157974245 225.48244453907014
87 194.43185586929323 259.88452157974245 225.48244453907014
88 194.43185586929323 259.88452157974245 225.48244453907014
89 194.43185586929323 245.6994980812072 220.19999046802522
90 194.43185586929323 242.47185740470883 212.47241047382354
91 194.43185586929323 272.8493598937988 217.1761630725861
92 194.43185586929323 669.7393921375273 256.86516629695893
93 194.43185586929323 669.7393921375273 256.86516629695893
94 194.43185586929323 669.7393921375273 256.86516629695893
95 194.43185586929323 669.7393921375273 256.86516629695893
96 194.43185586929323 263.7108323097228 216.26231031417848
97 194.43185586929323 262.66978530883785 216.17937889814374
98 194.43185586929323 257.9969185590743 214.05388729810716
99 194.43185586929323 257.9969185590743 214.05388729810716
00 03 127.61129572391509 239.34879572391506 193.7935184717178
01 03 127.61129572391509 239.34879572391506 193.7935184717178
02 04 127.61129572391509 239.34879572391506 203.34341890811913
03 04 127.61129572391509 214.4204639673232 176.55395274460312
04 06 127.61129572391509 495.1028265476228 252.09231022000304
05 07 127.61129572391509 260.4898555994033 189.28682456357137
06 07 127.61129572391509 221.53062021732325 177.4635165704148
07 08 127.61129572391509 515.4500962615011 218.69933903180058
08 08 127.61129572391509 213.43062021732322 176.03391860537226
09 08 127.61129572391509 179.03430119752872 169.1133686956018
10 09 127.61129572391509 246.86871454715725 177.6541251695818
11 127.61129572391509 243.52313654422744 177.43553007215255
12 127.61129572391509 243.52313654422744 177.43553007215255
13 127.61129572391509 178.81375219821913 170.04490491956466
14 127.61129572391509 178.14576361179346 169.57535734266037
15 127.61129572391509 179.36053016185753 169.63589579820626
16 127.61129572391509 179.36053016185753 169.63589579820626
17 127.61129572391509 177.11731765270233 166.51668982267375
18 127.61129572391509 489.20283589363095 196.36940966129296
19 127.61129572391509 180.6680025339126 165.51592632532112
20 127.61129572391509 506.3628977298735 225.48845778226845
21 127.61129572391509 503.578528833389 197.7577909708022
22 127.61129572391509 503.578528833389 197.7577909708022
23 127.61129572391509 503.578528833389 225.12369951963416
24 127.61129572391509 174.1182764291762 164.31540230035776
25 127.61129572391509 441.80055470466596 190.27907563924785
26 127.61129572391509 172.15764791965486 161.52192839145656
27 127.61129572391509 497.4725456714628 194.05341816663736
28 148.16847040653224 534.0745903491971 220.4747522068023
29 148.16847040653224 534.0745903491971 247.4397762799262
30 148.16847040653224 479.51029057502717 214.1014849185943
31 148.16847040653224 479.51029057502717 214.1014849185943
32 148.16847040653224 173.50465662479382 163.94971458911888
33 148.16847040653224 495.2673714160917 196.1259860682487
34 148.16847040653224 171.7895260095596 163.71115929126734
35 148.16847040653224 171.7895260095596 163.71115929126734
36 148.16847040653224 171.74973394870753 162.22013756275172
37 148.16847040653224 171.74973394870753 162.22013756275172
38 148.16847040653224 171.1191036462783 161.3236284875869
39 148.16847040653224 166.48791468143452 159.8495952844619
40 148.16847040653224 426.612157487869 186.16867483854284
41 148.16847040653224 166.48791468143452 159.69426569461817
42 148.16847040653224 165.8983364343642 159.63530786991112
43 148.16847040653224 163.0926510095596 158.86283014774315
44 148.16847040653224 162.7846431970595 158.26982843875876
45 148.16847040653224 162.7846431970595 158.26982843875876
46 148.16847040653224 161.8680660486221 157.12820490360252
47 148.16847040653224 161.12379724979397 156.2476569604873
48 148.16847040653224 481.14761357307407 188.25003859281532
49 148.16847040653224 164.701922249794 156.22959101200098
50 148.16847040653224 164.701922249794 156.22959101200098
51 148.16847040653224 158.17355921268458 154.94710871219627
52 148.16847040653224 157.1626339197158 154.21288889408103
53 148.16847040653224 483.8477592945096 187.13161627531042
54 148.16847040653224 159.38145716190326 154.06418787479393
55 147.97994501590722 156.6897274255752 152.9240366601943
56 147.97994501590722 156.6897274255752 152.9240366601943
57 147.97994501590722 156.3787716150283 152.51128595829005
58 147.97994501590722 156.3787716150283 152.51128595829005
59 147.97994501590722 504.77312092781034 187.3507208895682
60 147.97994501590722 490.5448044300075 185.92788923978796
61 147.97994501590722 490.5448044300075 185.92788923978796
62 147.97994501590722 490.5448044300075 185.92788923978796
63 147.97994501590722 490.5448044300075 185.92788923978796
64 147.97994501590722 403.28149647712695 176.9473299288749
65 147.97994501590722 403.28149647712695 176.9473299288749
66 142.56573603153225 474.5404839038845 182.70415655851355
67 142.56573603153225 474.5404839038845 182.70415655851355
68 142.56573603153225 155.3311641931533 150.0251668787002
69 142.56573603153225 485.1052788257595 183.00257834196086
70 142.56573603153225 485.1052788257595 183.00257834196086
71 142.56573603153225 485.1052788257595 183.00257834196086
72 142.56573603153225 476.60714573860156 182.15276503324503
73 142.56573603153225 476.60714573860156 182.15276503324503
74 142.56573603153225 476.60714573860156 182.15276503324503
75 142.56573603153225 476.60714573860156 182.15276503324503
76 142.56573603153225 482.89511952400187 182.78156241178507
77 142.56573603153225 479.3937180042265 182.43142225980756
78 142.56573603153225 479.3937180042265 182.43142225980756
79 142.56573603153225 153.06258661746975 149.23927103519435
80 142.56573603153225 489.2786797046659 207.63387484550466
81 142.56573603153225 396.33694081306436 198.1441614055633
82 142.56573603153225 396.33694081306436 198.1441614055633
83 142.56573603153225 396.33694081306436 198.1441614055633
84 142.56573603153225 395.70989003181444 173.1792040133476
85 142.56573603153225 401.2623802661894 198.24232302665706
86 146.21307489871975 401.2623802661894 222.16269088029858
87 146.21307489871975 395.70989003181444 197.45122958183282
88 146.21307489871975 381.7694145679473 172.96291769742962
89 146.21307489871975 381.7694145679473 172.96291769742962
90 146.21307489871975 381.7694145679473 172.96291769742962
91 146.21307489871975 154.14776728153228 150.10197107791896
92 146.21307489871975 153.1599483728408 149.37717615604396
93 146.21307489871975 396.43249745368934 174.35168921232216
94 146.21307489871975 153.1599483728408 149.5660750818252
95 146.21307489871975 153.1599483728408 149.5660750818252
96 146.21307489871975 153.1599483728408 149.5660750818252
97 146.21307489871975 155.8141720056533 149.83149744510646
98 146.21307489871975 155.8141720056533 149.83149744510646
99 146.21307489871975 152.5622204065323 149.04160990238185
00 04 235.91379796266546 286.011295723915 265.9483901709317
01 05 235.91379796266546 273.25562021732316 257.99824300765977
02 06 235.91379796266546 589.8579353809357 313.9712348222732
03 07 235.91379796266546 589.8579353809357 308.87801764011374
04 09 206.66443750858295 596.3791731357575 297.32461215390083
05 206.66443750858295 591.3314865589142 290.6387633180617
06 206.66443750858295 591.3314865589142 290.6387633180617
07 206.66443750858295 592.3233597278596 282.66809132099144
08 206.66443750858295 287.0317516565321 246.8002545273303
09 206.66443750858295 287.0317516565321 246.8002545273303
10 206.66443750858295 618.1245469450951 279.9095340561866
11 206.66443750858295 277.23387873172754 240.2750346481799
12 206.66443750858295 595.1589279651645 303.9530943453311
13 206.66443750858295 592.0683945178984 266.77227633833877
14 206.66443750858295 597.6707945346827 263.18370921492567
15 206.66443750858295 597.6707945346827 263.18370921492567
16 206.66443750858295 238.95332986116387 225.32461609959597
17 218.55375330448146 600.4030779242512 290.6020146536826
18 218.06044981479633 513.5303978443145 252.36775184273716
19 218.06044981479633 513.5303978443145 252.36775184273716
20 218.06044981479633 513.5303978443145 252.36775184273716
21 218.06044981479633 233.64499179124832 223.54763131499286
22 218.06044981479633 607.9620365619656 260.13261652708053
23 218.06044981479633 607.9620365619656 260.13261652708053
24 218.06044981479633 227.1675489664077 221.813147740364
25 218.06044981479633 227.73754265308384 221.87014710903162
26 218.06044981479633 581.6457243442529 257.1898728632926
27 218.06044981479633 226.37458918094634 221.3589458894729
28 218.06044981479633 226.37458918094634 221.3589458894729
29 218.06044981479633 226.37458918094634 221.3589458894729
30 218.06044981479633 593.2276382923129 258.08864186048504
31 218.06044981479633 225.0621790170669 221.08820356845848
32 218.03108398318284 223.35074789524066 220.3850940650701
33 218.03108398318284 223.35074789524066 220.3850940650701
34 218.03108398318284 221.7795528650284 219.79951642453662
35 218.03108398318284 609.175646162033 258.5391257542371
36 218.03108398318284 592.5118959903716 256.96950111091127
37 216.18739359378807 597.0694720685483 256.7743262922763
38 214.39822790622705 625.4597314357756 259.0159675091504
39 214.39822790622705 614.0038231372832 257.9193073242902
40 214.39822790622705 584.5738601088524 254.97631102144715
41 214.39822790622705 591.3261301517484 255.65153802573667
42 214.39822790622705 612.4673599719998 257.68815206229675
43 214.39822790622705 220.34615175724022 218.3957419723272
44 214.39822790622705 219.67094480991344 217.97489747464653
45 214.39822790622705 220.21027090549453 218.02883008420457
46 214.12420270442956 219.07986338138582 217.32237986505024
47 213.90380308628073 218.56482508182518 216.80477383553975
48 213.90380308628073 585.4235504627229 253.2791907614469
49 213.90380308628073 585.4235504627229 253.2791907614469
50 212.93222601413726 218.16415941715223 216.03005831658834
51 212.93222601413726 218.16415941715223 216.03005831658834
52 211.58388774394982 219.4708196401595 215.5130681318044
53 211.58388774394982 598.2219991683958 253.29307832896697
54 211.58388774394982 598.2219991683958 253.29307832896697
55 211.58388774394982 594.7651279926298 290.22871150970445
56 211.58388774394982 217.10876190662378 214.90294549465176
57 211.58388774394982 607.9042492389677 253.98249422788612
58 211.58388774394982 220.32141497135157 214.74118272304526
59 211.58388774394982 220.32141497135157 214.74118272304526
60 211.58388774394982 220.32141497135157 214.74118272304526
61 211.58388774394982 216.26603739261625 214.30722861766807
62 211.58388774394982 216.42558872699732 214.30950743198392
63 211.58388774394982 216.08571741580948 214.1032188749313
64 211.58388774394982 216.08571741580948 214.1032188749313
65 211.58388774394982 585.4231979846953 250.83926753759374
66 211.58388774394982 595.0802441120148 251.78201106786724
67 211.58388774394982 216.80057427883142 213.95404408454888
68 211.58388774394982 587.4281446933746 251.0168011260032
69 211.58388774394982 215.7151522874831 213.75613605976096
70 211.58388774394982 215.4970443487167 213.670196943283
71 211.58388774394982 589.4949664592741 251.06998915433874
72 211.58388774394982 216.15432150363918 213.67111461162557
73 211.58388774394982 214.36270315647116 213.41158680438988
74 211.58388774394982 581.6927664756776 250.22688328027715
75 211.58388774394982 581.6927664756776 250.22688328027715
76 211.58388774394982 215.88257057666766 213.6458636903762
77 211.58388774394982 581.2707898616785 317.3770213389396
78 211.58388774394982 575.7546239376068 280.7765067386627
79 211.58388774394982 216.45064756870264 214.11747473716733
80 211.58388774394982 216.45064756870264 214.11747473716733
81 211.58388774394982 215.30280125141132 213.86259682893746
82 209.91988813877103 215.26564385890956 213.32430551767342
83 209.91988813877103 593.708823442459 251.16862347602836
84 209.91988813877103 585.8372096300127 250.59772305965424
85 209.91988813877103 585.8372096300127 250.59772305965424
86 209.91988813877103 579.5764048337933 250.04396953582756
87 209.91988813877103 531.7292046546937 244.6740969395637
88 209.91988813877103 214.2893795251846 212.79705418109887
89 209.91988813877103 585.4348709583282 249.87410744905463
90 209.91988813877103 585.4348709583282 249.87410744905463
91 209.37261164188385 213.90380308628073 212.26788151741022
92 209.37261164188385 526.4596620082856 243.78903437376022
93 209.37261164188385 587.3654568195343 249.87961385488506
94 209.37261164188385 612.6526685953139 291.3524829125404
95 209.37261164188385 605.0559255123137 251.3038941645622
96 209.37261164188385 587.4331228733064 249.54161390066147
97 209.37261164188385 213.7501274347305 211.97596241474147
98 209.37261164188385 213.7492439508437 211.89428458690645
99 209.37261164188385 583.2103768825526 249.01523921966546
00 05 268.9181202173231 546.0518654346465 328.86095293998704
01 05 268.9181202173231 546.0518654346465 328.86095293998704
02 05 268.9181202173231 602.2613181591029 340.10284348487835
03 05 268.9181202173231 967.7886108875282 413.20830203056346
04 06 268.9181202173231 612.6531746268272 332.3778949360052
05 07 233.5320650339126 283.361295723915 271.1473052399498
06 07 220.57658503055572 282.8848766565322 262.1780608551842
07 08 220.57658503055572 293.91641809940336 260.04699021428814
08 08 220.57658503055572 293.91641809940336 260.04699021428814
09 220.57658503055572 627.6949586272243 292.7620818936824
10 220.57658503055572 278.7362957239151 254.84742895066728
11 220.57658503055572 278.7362957239151 254.84742895066728
12 220.57658503055572 610.00315747261 287.97411512553674
13 220.57658503055572 577.6252045154574 284.7363198298215
14 220.57658503055572 577.6252045154574 284.7363198298215
15 220.57658503055572 276.08387873172757 250.35179865658273
16 220.57658503055572 628.1563879042861 285.5590495738386
17 220.57658503055572 269.4306202173231 242.03640958957368
18 220.57658503055572 601.9151446819304 308.5209111076593
19 220.57658503055572 601.2786109335717 271.7088061675429
20 220.57658503055572 628.8468014597894 272.9000118162483
21 220.57658503055572 605.6321584701537 269.22477803133427
22 220.57658503055572 234.09795428514477 231.6487174367159
23 220.57658503055572 601.9176267504685 268.81084112159897
24 220.57658503055572 237.726363813877 232.33711170189082
25 220.57658503055572 237.18033255338665 231.86454807214437
26 220.57658503055572 233.79409528076647 231.45807765893636
27 219.48764002323156 233.5320650339126 228.7897727849334
28 219.48764002323156 565.6351577669383 262.01672926388676
29 219.48764002323156 565.6351577669383 262.01672926388676
30 219.48764002323156 606.6086134433745 266.1140748315304
31 219.48764002323156 604.673459982872 265.9205594854801
32 219.48764002323156 243.36829168796535 229.05773751102384
33 219.48764002323156 618.7125205993655 265.6707480808347
34 219.48764002323156 237.19264318644989 226.374315862134
35 219.48764002323156 585.3037861466404 260.1568740224837
36 219.48764002323156 585.3302722454066 260.15952263236034
37 219.48764002323156 606.0824755668641 262.23474296450604
38 219.48764002323156 620.7726163830607 263.7037570461257
39 219.48764002323156 584.4851026713845 259.4311321054398
40 218.6572449095546 229.87155252397048 222.84834632925677
41 218.6572449095546 225.80278832912447 222.3779116370528
42 218.6572449095546 225.20856539607038 222.21164154617105
43 218.6572449095546 225.06908895373334 221.70116521982465
44 218.6572449095546 224.1400874203069 221.4164178809336
45 218.6572449095546 223.9015052080154 221.03637547276904
46 218.6572449095546 615.4132332324983 298.34187181375916
47 218.6572449095546 596.1153017044068 258.2426822724193
48 218.6572449095546 222.221615564823 220.737839840874
49 218.6572449095546 222.07372033596036 220.59511123202734
50 218.6572449095546 602.6641792774199 258.6541571261733
51 218.6572449095546 632.7977490901947 261.66751410745076
52 218.6572449095546 221.4478503838179 220.42167715094973
53 218.6572449095546 613.4119530200958 259.61808741457753
54 218.5357853770255 221.4033993005752 220.1304706502705
55 218.5357853770255 220.79432947635638 219.710311596468
56 218.5357853770255 588.4545834064485 256.4763369894772
57 218.5357853770255 614.3976109385492 326.30018142964684
58 218.5357853770255 614.3976109385492 326.30018142964684
59 218.5357853770255 614.3976109385492 326.30018142964684
60 218.5357853770255 628.9925570964815 292.6756939956173
61 217.68648824691766 223.77493650913235 219.8475003802776
62 217.68648824691766 220.33966333866113 219.31212613940232
63 217.68648824691766 220.33966333866113 219.31212613940232
64 217.68648824691766 220.33966333866113 219.31212613940232
65 217.68648824691766 223.80655043125145 219.65881484866136
66 217.68648824691766 223.80655043125145 219.65881484866136
67 217.68648824691766 536.6716069638729 250.91329313695422
68 217.68648824691766 536.6716069638729 250.91329313695422
69 215.3150736093521 603.5343171596523 257.09713356494893
70 215.3150736093521 591.8212454319 255.92582639217372
71 215.31498377323152 219.9386224985122 217.90808160066598
72 215.31498377323152 219.9386224985122 217.90808160066598
73 215.31498377323152 598.186126756668 255.7328320264816
74 215.31498377323152 219.65258562564844 217.50960259675975
75 214.4727453470229 219.48764002323156 216.9916185688972
76 214.4727453470229 606.9388439655303 255.73673896312707
77 214.4727453470229 589.1158445835113 290.8039174437522
78 214.4727453470229 589.1158445835113 290.8039174437522
79 214.4727453470229 607.143051290512 255.46336288928978
80 214.47184469699855 218.42119410037984 216.19624222993843
81 214.47184469699855 534.578939676285 248.25487891674038
82 213.94584262371052 219.74360506534566 216.19156921148297
83 213.94584262371052 536.4310234546662 247.6581702423095
84 213.94584262371052 590.1587366580962 253.03094156265252
85 213.94584262371052 217.68648824691766 215.4596742916107
86 213.94584262371052 593.7231001377107 253.06333548069
87 213.94584262371052 580.0979587078091 251.70082133769984
88 213.94584262371052 531.9958839893341 246.61460396766657
89 213.90966742038728 215.95383245944973 214.80598231077187
90 213.90966742038728 215.95383245944973 214.80598231077187
91 213.90966742038728 215.76166641712183 214.77044617414467
92 213.90966742038728 215.67813246250142 214.75412664175025
93 213.90966742038728 604.2064438343048 253.59753410339349
94 213.90966742038728 604.2064438343048 253.59753410339349
95 213.90966742038728 531.7329758167268 246.35018730163569
96 213.90966742038728 215.59847109317766 214.66628263235083
97 213.90966742038728 607.6167520523071 253.76473893642418
98 213.90966742038728 607.6167520523071 253.76473893642418
99 213.90966742038728 609.2360228538515 253.83984296321864
00 04 268.550509083271 313.2374645471572 296.19028489291657
01 05 268.10294171571735 708.6628801703451 368.80401754617685
02 05 258.28084054887296 1050.870992845296 427.35218088209604
03 05 257.95764485299594 689.4165622591968 348.46169969201077
04 07 257.4643010437489 307.9231365442276 271.43908791286606
05 08 257.4643010437489 318.01729853153216 271.03441465236244
06 09 257.4643010437489 650.5746707677843 309.4759044584301
07 257.4643010437489 669.651971679926 342.0285905253887
08 257.4643010437489 673.6229813555252 304.14778577575464
09 257.4643010437489 620.1783922165631 298.79588257759804
10 256.8738488018514 285.74312021732317 262.4654282361269
11 256.8738488018514 616.2782609343528 295.5008894217014
12 256.8738488018514 616.2782609343528 295.5008894217014
13 256.8738488018514 268.10294171571735 259.69593744009734
14 256.8738488018514 649.9419297158714 297.87983624011275
15 256.8738488018514 615.9172032117846 293.68492991119626
16 256.8738488018514 258.28084054887296 257.88866157799964
17 256.8738488018514 258.25530267953883 257.88042535901076
18 256.8738488018514 659.3009497493505 297.98499006599184
19 256.8738488018514 654.2770943552255 297.45518347084527
20 256.8738488018514 258.198478358984 257.82187946826224
21 256.8738488018514 258.0330969989301 257.79060877472165
22 256.8738488018514 646.6176657140251 296.6490656462312
23 256.8738488018514 258.0826464235784 257.79556371718655
24 256.8738488018514 257.99723162353047 257.67877980858094
25 256.8738488018514 257.99723162353047 257.67877980858094
26 256.8738488018514 673.6499527275561 299.23702254265544
27 256.8738488018514 655.2861065924168 297.40540700256827
28 256.8738488018514 258.40640217363847 257.7169379249216
29 256.8738488018514 258.1094103395939 257.6982234928013
30 256.8738488018514 652.8090510487556 297.0983354923129
31 256.8738488018514 258.0592435479164 257.623354742229
32 256.8738488018514 647.2395558834073 296.43583774358035
33 256.8738488018514 258.12190518081184 257.5240726733208
34 256.8738488018514 258.0826464235784 257.5201467975975
35 256.8738488018514 257.96320669054984 257.5082028242946
36 256.8738488018514 257.94404775500294 257.5062869307399
37 256.8738488018514 648.2150307059286 296.5177005130053
38 256.8738488018514 257.89985634088515 257.48477550029764
39 256.8738488018514 257.88578057885184 257.4592213830353
40 256.8738488018514 666.7541716039177 298.35324782848363
41 256.8738488018514 257.95764485299594 257.4664097940923
42 256.8738488018514 659.0870245754717 336.1911906933784
43 256.8738488018514 659.0870245754717 336.1911906933784
44 256.8738488018514 662.0891101717947 297.886431324184
45 256.8738488018514 257.9545412421227 257.44402469187986
46 256.8732598125935 257.8503066211939 257.33250353127727
47 256.8732598125935 652.7373830139641 296.84277189463387
48 256.8732598125935 258.1552349716425 257.39309937000286
49 256.8732598125935 660.760111147165 297.6711135950685
50 256.8732598125935 258.2579124987126 257.3731403478981
51 256.8732598125935 258.1094103395939 257.37601674973973
52 256.8732598125935 257.95764485299594 257.35365377366554
53 256.8732598125935 257.9576662510634 257.35365591347227
54 256.8732598125935 258.198478358984 257.37773712426434
55 256.8732598125935 258.198478358984 257.37773712426434
56 256.8732598125935 258.198478358984 257.37773712426434
57 256.8732598125935 257.8998349785805 257.347872786224
58 256.8732598125935 257.99722362756734 257.3576116511226
59 256.8732598125935 258.442071017623 257.4020963901282
60 256.8732598125935 258.442071017623 257.4020963901282
61 256.8732598125935 656.4618903040882 336.28806162923576
62 256.8732598125935 648.7256136834623 296.45385117232803
63 256.8732598125935 648.7256136834623 296.45385117232803
64 256.8732598125935 647.4992876410483 296.32993698924787
65 256.8732598125935 258.10696994662294 257.3626831415296
66 256.8732598125935 258.19486567378044 257.38347288101915
67 256.8732598125935 258.478741118312 257.4501619932056
68 256.8732598125935 649.5791393160816 335.0948537042737
69 256.8732598125935 664.0302259236576 297.86108146548275
70 256.7842193424702 257.67174894511703 257.1371513170005
71 256.7842193424702 257.95453056097034 257.1654294785858
72 256.7842193424702 258.13899807631975 257.18387623012075
73 256.7842193424702 686.8659676283597 300.11876578032974
74 256.7842193424702 258.0962821125984 257.2106272411347
75 256.7842193424702 258.05845720469955 257.21111298888934
76 256.7842193424702 651.8309483826162 335.8407369554044
77 256.7842193424702 651.8309483826162 335.8407369554044
78 256.7842193424702 650.5209721148015 296.44752820640804
79 256.7842193424702 257.8988608926536 257.14186109930284
80 256.7842193424702 257.94404775500294 257.14637978553776
81 256.7842193424702 258.2363448202611 257.1756094920636
82 256.7842193424702 257.9576450258494 257.17934699624783
83 256.7842193424702 257.665043848753 257.05937527179725
84 256.7842193424702 667.8046173542739 298.1154816439749
85 256.7842193424702 257.88579126000417 257.1200505706669
86 256.7842193424702 257.8503066956997 257.097976269126
87 256.7842193424702 257.81799642443667 257.10667046904575
88 256.7842193424702 258.30216032862677 257.1550868594647
89 256.7842193424702 673.4763001352549 298.67250084012755
90 256.7842193424702 685.9997373610734 299.9421855652333
91 256.7842193424702 653.085996097326 296.65081143885857
92 256.7842193424702 668.9481858968736 298.2192969602347
93 256.7842193424702 257.98552928566926 257.14215488612655
94 256.7842193424702 257.971611750126 257.1393664428592
95 256.7842193424702 258.0634473055601 257.1485499984027
96 256.7842193424702 664.5073824405669 333.5587196701766
97 256.7842193424702 615.6154064357281 292.8965771842003
98 256.7842193424702 257.8315176814796 257.1076313593984
99 256.7842193424702 257.8503066211939 257.1095102533699
00 05 285.980620217323 309.4481365442276 296.84547831058484
01 05 232.59062654972072 304.5338787317275 281.4739763116835
02 06 232.59062654972072 307.12379572391495 274.2106946388879
03 07 232.59062654972072 658.1223446369172 330.79385262898023
04 08 232.5736681222914 655.2463884830476 315.0004436165093
05 08 232.5736681222914 672.4541359186169 317.15141204595545
06 09 232.5736681222914 637.8528255939482 310.57117847336644
07 232.59062654972072 623.692075204849 334.2636140251158
08 232.59062654972072 637.6797148227695 335.6623779869079
09 220.76918451786042 294.04312021732324 261.3400685262679
10 220.16659662723538 292.5306202173232 253.95241616725912
11 220.16659662723538 622.6763960361484 281.47138295888897
12 220.16659662723538 288.8806202173231 242.49780854701984
13 220.16659662723538 246.03399794101713 233.90412011623374
14 220.16659662723538 628.3907904148103 272.13979936361306
15 220.16659662723538 242.89035818576806 232.13105420589437
16 220.16659662723538 235.30436928272243 230.88902318477622
17 220.16659662723538 641.7026421070098 271.52885046720496
18 220.16659662723538 235.07767393589006 230.82326441287984
19 220.16659662723538 621.2984200000761 269.4217555689811
20 220.16659662723538 630.8874922275542 270.1735138010978
21 220.16659662723538 645.8163090229033 271.6663954806327
22 220.16659662723538 646.581006669998 272.54022791624055
23 220.16659662723538 234.52802793979632 229.79985601901998
24 220.16659662723538 629.1633404731751 269.2633872723579
25 220.16659662723538 237.0759023904799 228.7506880763172
26 220.16659662723538 636.3924479007718 269.1351185730099
27 220.16659662723538 634.7878345727922 307.55560669213526
28 220.16659662723538 945.6788044691078 300.20998283892857
29 220.16659662723538 239.62791750431052 228.80516571074713
30 220.16659662723538 647.3018417835237 270.57830330163233
31 220.16659662723538 241.7631973505019 228.8499417307972
32 220.16659662723538 628.9166105747221 267.5097787883877
33 220.16659662723538 610.9938225269311 265.6241909053921
34 220.16659662723538 635.1508292675014 307.19724147349586
35 220.16659662723538 231.64220087528227 225.38798389464614
36 220.16659662723538 231.64220087528227 225.38798389464614
37 220.16659662723538 241.43401262760156 225.7865923789143
38 220.16659662723538 643.9901632547379 265.9473921015858
39 220.16659662723538 641.539323472977 264.88243563205003
40 220.16659662723538 238.7317987680435 223.88541666299102
41 220.16659662723538 629.8601449012757 302.6234969452023
42 220.16659662723538 624.4122807025908 261.66114468127483
43 219.69724848270417 643.9515327930449 263.00230411082504
44 219.69724848270417 638.5649715900423 303.04590326339
45 219.69724848270417 623.8809807300564 260.83859884530295
46 219.69724848270417 627.6160210132599 261.1222707629204
47 216.21609003543847 609.4203003406521 258.81024031400676
48 216.21609003543847 220.53975336551665 219.79420465946197
49 216.21609003543847 238.02015936374653 222.84688717365262
50 216.21609003543847 610.5725891590114 258.7187296938896
51 216.21609003543847 609.4406006336208 258.4690013003349
52 216.21609003543847 628.800377702713 260.4003177523613
53 216.21609003543847 220.3426586389542 219.53664423465725
54 216.21609003543847 614.4028259754181 258.9403733706474
55 216.21609003543847 220.60398676395405 219.55921015262598
56 216.21609003543847 220.56381342411038 219.5704387903213
57 216.21609003543847 539.1659080982206 251.4869873690605
58 216.21609003543847 674.1184711933133 265.07629976987835
59 216.21609003543847 624.8125641345979 260.7223993372917
60 216.21609003543847 617.6861179828643 260.0097547221184
61 216.21609003543847 220.4175976037979 219.61208246707915
62 216.21609003543847 606.4176025867459 258.1962071108818
63 216.21609003543847 220.25295526981358 219.57457453250882
64 216.21609003543847 644.768709611893 262.02853949308394
65 216.21609003543847 611.4158569812773 258.7068144106865
66 216.21609003543847 220.23032343387592 219.54781305789942
67 216.21609003543847 615.9668152332307 259.1385056948662
68 216.21609003543847 609.6196960926053 258.5037937808037
69 216.21609003543847 221.14359858036036 219.66831293582908
70 216.21609003543847 620.7341053485867 259.6273636126517
71 216.21609003543847 220.507813668251 219.56461420536039
72 216.21609003543847 645.5992577075954 262.04041510343546
73 216.21609003543847 237.90742266178117 221.27123159885406
74 216.21609003543847 220.68490717411035 219.54898005008695
75 216.21609003543847 626.0942558765412 299.53476038932797
76 216.21609003543847 625.5267632007598 298.80979212760917
77 216.21609003543847 220.42049067020417 219.5476317834854
78 216.21609003543847 220.56475336551662 219.5456005334854
79 216.21609003543847 630.5945793628689 260.23048865079875
80 216.21609003543847 630.9347404956818 260.21658606290816
81 216.21609003543847 648.9721931934354 262.0486522555351
82 216.21609003543847 636.3789360523223 301.3394288921356
83 216.21609003543847 636.3789360523223 301.3394288921356
84 216.21609003543847 625.8908440113064 298.7473592662811
85 216.21609003543847 610.4582397937774 257.83424727201464
86 216.21609003543847 221.13864252567288 218.92763056278227
87 216.21609003543847 220.1566112756729 218.48009821414948
88 216.21609003543847 220.25295526981358 218.52598749637605
89 216.21609003543847 632.3033470630644 259.7637354159355
90 216.21609003543847 220.55747797489164 218.55355341434478
91 216.21609003543847 220.25465815067292 218.52327143192292
92 216.21609003543847 219.69724848270417 218.19529291629792
93 216.21609003543847 219.6859630823135 218.01290888309478
94 216.21609003543847 220.23044550418842 218.1096746301651
95 216.21609003543847 611.8671814441676 257.1965714907646
96 216.21609003543847 643.5403694629669 260.4565196871757
97 216.21609003543847 624.9905388355251 258.5967868685722
98 216.21609003543847 220.63461420536044 217.8865789270401
99 216.21609003543847 220.20062983036038 217.88824091434475
00 02 289.1806202173231 595.328756761551 442.25468848943706
01 03 191.50562021732324 289.1806202173231 256.46812021732313
02 03 189.18062021732325 288.7181202173231 223.13478688398985
03 03 189.18062021732325 288.7181202173231 223.13478688398985
04 03 189.18062021732325 288.7181202173231 223.13478688398985
05 04 189.18062021732325 596.0037567615509 318.9602782547473
06 05 189.18062021732325 596.0037567615509 314.1843466472625
07 05 189.18062021732325 597.064731645584 373.7670698118209
08 05 189.18062021732325 597.064731645584 373.7670698118209
09 05 189.18062021732325 597.064731645584 373.7670698118209
10 06 189.18062021732325 596.0037567615509 294.5704360604285
11 07 189.18062021732325 321.11871454715714 249.12858379568362
12 09 189.18062021732325 321.11871454715714 258.07521688938124
13 09 189.18062021732325 295.08062021732314 246.47567871544086
14 189.18062021732325 290.3556202173232 244.59210670351968
15 189.18062021732325 290.3556202173232 244.59210670351968
16 189.18062021732325 290.3556202173232 244.59210670351968
17 189.18062021732325 603.8493347644803 266.75491565823546
18 189.18062021732325 283.2681202173231 230.63308128237713
19 189.18062021732325 495.96846699714644 250.51382301092139
20 189.18062021732325 495.96846699714644 250.51382301092139
21 189.18062021732325 495.96846699714644 250.51382301092139
22 189.18062021732325 254.79640495777133 220.5700383329391
23 189.18062021732325 254.79640495777133 220.5700383329391
24 189.18062021732325 254.79640495777133 220.5700383329391
25 189.18062021732325 251.36251242160793 219.4998973321914
26 189.18062021732325 251.36251242160793 219.4998973321914
27 189.18062021732325 251.36251242160793 219.4998973321914
28 189.18062021732325 251.36251242160793 219.4998973321914
29 189.18062021732325 251.36251242160793 219.4998973321914
30 189.18062021732325 491.91124043464634 249.03795935392367
31 189.18062021732325 491.91124043464634 249.03795935392367
32 189.18062021732325 251.36251242160793 223.28365412235252
33 189.18062021732325 251.36251242160793 223.28365412235252
34 189.18062021732325 574.9444000720978 256.83284826993935
35 189.18062021732325 251.36251242160793 223.85149420261376
36 189.18062021732325 630.1824280261991 261.7334857630729
37 189.18062021732325 630.1824280261991 261.7334857630729
38 189.18062021732325 630.1824280261991 261.7334857630729
39 189.18062021732325 603.6616425037384 259.0814072108268
40 189.18062021732325 603.6616425037384 259.0814072108268
41 189.18062021732325 245.13085939884178 222.06759888172147
42 189.18062021732325 244.0949949502945 216.67257496356962
43 189.18062021732325 244.0949949502945 216.67257496356962
44 189.18062021732325 244.0949949502945 216.67257496356962
45 189.18062021732325 598.7294159412384 252.136017062664
46 189.18062021732325 598.7294159412384 252.136017062664
47 189.18062021732325 588.6299904346463 251.12607451200478
48 189.18062021732325 588.6299904346463 251.12607451200478
49 189.18062021732325 234.3681881189345 205.89360041141504
50 189.18062021732325 233.5235592126846 202.1273436212539
51 189.18062021732325 595.6317360401152 235.3751222872733
52 189.18062021732325 222.12452509403226 194.80001070499412
53 189.18062021732325 222.12452509403226 194.80001070499412
54 189.18062021732325 222.12452509403226 194.80001070499412
55 189.18062021732325 222.12452509403226 194.80001070499412
56 189.18062021732325 588.8737404346465 231.4749322390556
57 189.18062021732325 581.4987404346464 230.73743223905558
58 189.18062021732325 581.4987404346464 230.73743223905558
59 189.18062021732325 612.2794159412382 233.81549978971475
60 189.18062021732325 612.2794159412382 233.81549978971475
61 189.18062021732325 612.2794159412382 233.81549978971475
62 189.18062021732325 579.2487404346463 259.0315202617644
63 189.18062021732325 474.3715004444121 220.22470824003213
64 189.18062021732325 474.3715004444121 220.22470824003213
65 189.18062021732325 589.7237404346465 231.75993223905556
66 189.18062021732325 589.7237404346465 231.75993223905556
67 189.18062021732325 589.7237404346465 231.75993223905556
68 189.18062021732325 196.70562021732323 192.32562021732323
69 189.18062021732325 482.3612404346464 221.44368223905553
70 189.18062021732325 482.3612404346464 221.44368223905553
71 189.18062021732325 196.70562021732323 192.16062021732324
72 189.18062021732325 195.38062021732324 191.40812021732322
73 189.18062021732325 195.38062021732324 191.40812021732322
74 189.18062021732325 195.38062021732324 191.40812021732322
75 189.18062021732325 194.63062021732324 190.9181202173232
76 189.18062021732325 194.63062021732324 190.9181202173232
77 189.18062021732325 630.1316086292267 234.6857190585136
78 189.18062021732325 630.1316086292267 234.6857190585136
79 189.18062021732325 630.1316086292267 234.6857190585136
80 189.18062021732325 196.03062021732327 190.6481202173232
81 189.18062021732325 588.2924904346464 229.87430723905555
82 189.18062021732325 191.50562021732324 190.09562021732322
83 189.18062021732325 577.4112404346464 228.68618223905554
84 189.18062021732325 577.4112404346464 228.68618223905554
85 189.18062021732325 195.9806202173232 190.5431202173232
86 189.18062021732325 477.4487404346463 219.36993223905552
87 189.18062021732325 597.2912567615508 260.3997458934783
88 189.18062021732325 597.2912567615508 260.3997458934783
89 189.18062021732325 597.2912567615508 260.3997458934783
90 189.18062021732325 480.9612404346463 220.28368223905554
91 189.18062021732325 480.9612404346463 220.28368223905554
92 189.18062021732325 480.9612404346463 220.28368223905554
93 189.18062021732325 480.9612404346463 220.28368223905554
94 189.18062021732325 196.13062021732324 191.6681202173232
95 189.18062021732325 196.13062021732324 191.6681202173232
96 189.18062021732325 196.13062021732324 191.6681202173232
97 189.18062021732325 195.9806202173232 191.03062021732322
98 189.18062021732325 194.80562021732325 190.72062021732322
99 189.18062021732325 597.9644989490507 231.036508090496
00 04 273.56002752780927 340.57496454715726 315.0659372091293
01 05 267.2122371912002 360.27755091190335 309.43571447849274
02 06 267.2122371912002 318.36284677982314 293.3505119275922
03 07 267.2122371912002 325.8088787317276 291.5870309277837
04 08 267.2122371912002 716.1364357531073 343.9780128346291
05 08 267.2122371912002 688.0254662036893 333.98022732227105
06 08 267.2122371912002 295.2583386015148 282.23315779357216
07 08 267.2122371912002 728.7571082592008 336.98698163144286
08 267.2122371912002 327.95887873172757 289.8166786098294
09 267.2122371912002 676.251480913162 321.01930741546676
10 267.2122371912002 710.7859196036908 365.57022304123115
11 267.2122371912002 728.3777249097827 366.9689267507009
12 267.2122371912002 728.3777249097827 366.9689267507009
13 267.2122371912002 713.9575601272284 365.52691027244543
14 267.2122371912002 708.2937910556795 321.91090977696706
15 267.2122371912002 291.9385423569008 278.3420849683695
16 267.2122371912002 293.08855626583113 276.9804411745072
17 267.2122371912002 293.08855626583113 276.9804411745072
18 267.2122371912002 716.0022894382474 317.1766816651821
19 267.2122371912002 728.9505362033843 317.8401204752922
20 267.2122371912002 274.8643060922622 271.9043054056168
21 267.2122371912002 689.2384108066557 313.3417158770561
22 267.2122371912002 273.7672693490981 270.96835421085365
23 267.2122371912002 273.5601129770281 270.52850224018107
24 267.2122371912002 273.56002752780927 270.1510574960709
25 267.2122371912002 273.56002752780927 270.1510574960709
26 267.2122371912002 732.2625786304469 316.02131260633473
27 267.2122371912002 272.6055429697038 269.7598593950272
28 267.2122371912002 269.97767298221595 269.46280756473544
29 267.2122371912002 706.6353889942166 313.1285791659355
30 267.2122371912002 689.7681198596956 311.4418522524834
31 267.2122371912002 705.5085701465605 313.42338169813155
32 265.330337166786 270.2210994958877 269.034724984169
33 265.330337166786 270.2210994958877 269.034724984169
34 265.330337166786 270.2210994958877 269.034724984169
35 265.330337166786 270.494256234169 268.6697442102432
36 265.330337166786 677.8743050098418 309.4077490878105
37 265.330337166786 677.8743050098418 309.4077490878105
38 265.330337166786 685.899763536453 310.2102949404716
39 265.330337166786 685.899763536453 310.2102949404716
40 265.330337166786 685.899763536453 310.2102949404716
41 265.330337166786 269.77685205936433 268.17285341739654
42 265.330337166786 269.6480465173721 267.77293856143945
43 265.330337166786 269.6480465173721 267.77293856143945
44 265.330337166786 639.1379326343539 304.7498568606376
45 265.330337166786 694.6408760547639 310.3001512026786
46 265.330337166786 680.353251695633 349.8036939525604
47 265.330337166786 680.353251695633 349.8036939525604
48 265.330337166786 680.353251695633 349.8036939525604
49 265.330337166786 699.0022346973421 351.66859225273134
50 265.330337166786 694.1718605518341 351.1855548381805
51 265.330337166786 694.1718605518341 351.1855548381805
52 265.330337166786 726.2320669651026 313.4427736163138
53 265.330337166786 269.5923855066299 266.9872794389724
54 265.330337166786 269.9016994714737 267.0182108354567
55 265.330337166786 269.5704807519912 266.61614449024194
56 265.330337166786 269.4830797433853 266.22597481250756
57 265.330337166786 678.5526779651639 307.13293463468534
58 265.330337166786 705.7646511554719 309.85413195371615
59 265.21849024295784 267.2122371912002 265.7995158624648
60 265.21849024295784 267.2122371912002 265.7995158624648
61 264.2490467309951 265.8627010583877 265.4553539514541
62 264.2490467309951 265.77770349979386 265.40363169193256
63 264.2490467309951 265.77770349979386 265.40363169193256
64 264.2490467309951 265.77770349979386 265.40363169193256
65 264.2490467309951 698.533646440506 308.6564667391775
66 264.2490467309951 698.533646440506 308.6564667391775
67 264.2490467309951 266.18698847293837 265.4218009424208
68 264.2490467309951 681.1365097522736 348.3058068370818
69 264.2490467309951 679.559321641922 306.7768493533133
70 264.2490467309951 722.0346603870388 311.024383227825
71 264.2490467309951 265.84693491458876 265.34254801273335
72 264.2490467309951 265.6627239465711 265.30064394474016
73 264.2490467309951 265.50412714481337 265.18891207218155
74 264.2490467309951 682.8206436634061 306.90151419401155
75 264.2490467309951 682.8206436634061 306.90151419401155
76 264.2490467309951 693.3722099781039 307.9566708254813
77 264.2490467309951 694.1462776660921 308.0340775942801
78 264.2490467309951 672.7738556385036 305.93821707487086
79 264.2490467309951 694.3899178028104 308.0706579470633
80 264.2490467309951 265.84314386844625 265.1542094659804
81 264.2490467309951 692.6102913379669 307.8309242129325
82 264.2490467309951 692.6102913379669 307.8309242129325
83 264.2490467309951 675.7690895557404 343.10384909629806
84 264.2490467309951 634.9730579853059 302.4932377123831
85 264.2490467309951 690.9596870899201 308.0919006228445
86 264.2490467309951 690.9596870899201 308.0919006228445
87 264.2490467309951 697.1071907520296 308.3276586794852
88 264.2490467309951 266.0441005945205 265.2213496637343
89 264.2490467309951 266.0441005945205 265.2213496637343
90 264.2490467309951 266.0441005945205 265.2213496637343
91 264.2490467309951 680.8643898487092 306.6013076663016
92 264.2490467309951 680.8643898487092 306.6013076663016
93 264.2490467309951 691.5286110401154 307.6677297854422
94 264.2490467309951 265.4609279870986 265.0609614801405
95 264.2490467309951 265.4609279870986 265.0609614801405
96 264.2490467309951 265.4609279870986 265.0609614801405
97 264.2490467309951 677.3013626575469 306.2577608370779
98 264.2490467309951 682.3863800525666 306.671272113323
99 264.2490467309951 676.6535278797148 306.0979868960379