Iteracion NumIndividuos MejorFitness MejorGenotipo PeorFitness PeorGenotipo MediaFitness 

2017_02_17_21_38_19 -> mutacion 0.15 // 20/40/mon/tes/10/12/4 // 30/02/24/24/10/02/08//
*******************************************************************************************

----------------------------------------------------

Salgo en la iteracion: 247
Motivo: 1
Mutaciones hechas: 34
Mejor individuo de la poblacion
+---+---+---+---+---+---+---+---+---+---+
| * |   |   |   |   |   |   |   |   |   |
+---+---+---+---+---+---+---+---+---+---+
| * | * | C |   |   |   |   |   | * | * |
+---+---+---+---+---+---+---+---+---+---+
| * |   | * | * |   |   | * | * | * | * |
+---+---+---+---+---+---+---+---+---+---+
|   |   | * | * |   |   | * | * |   |   |
+---+---+---+---+---+---+---+---+---+---+
|   |   | * |   | * |   | * |   |   |   |
+---+---+---+---+---+---+---+---+---+---+
|   |   | * | * |   |   |   |   | * |   |
+---+---+---+---+---+---+---+---+---+---+
|   |   | * | C | * |   |   |   | * |   |
+---+---+---+---+---+---+---+---+---+---+
|   |   |   |   | * | * |   | * | * | M |
+---+---+---+---+---+---+---+---+---+---+
|   | G |   |   |   | G |   |   |   | M |
+---+---+---+---+---+---+---+---+---+---+
|   |   | C | * | C | S |   | M |   |   |
+---+---+---+---+---+---+---+---+---+---+
 
-------------
Numero de monstruos     : 6
Numero de tesoros       : 4
Numero de celdas Pared  : 30
Numero de celdas Libres : 60
-------------
 
-------------
Tipo puertas: 
Puerta Norte 0 1: SALIDA 
 
Puerta Este  0 9: SALIDA 
 
Puerta Oeste 5 0: ENTRADA_SALIDA 
 
Puerta Sur   9 9: SALIDA 
 
-------------
 
Fitness: 0.06999999999999999
-----------------------
Numero de monstruos esperados             : 6
Numero de tesoros esperados               : 4
Numero de monstruos recorrido esperados   : 1.0
Numero de tesoros recorrido esperados     : 1.0
Area Segura monstruo esperada             : 7.0
Area Segura tesoro esperada               : 8.0
Seguridad tesoro esperada                 : 2.0
Numero de celdas Pared esperadas          : 30
Numero de celdas Libres esperadas         : 60
----------------------------------------------------
----------------------------------------------------



00 11 2.16 209.44 105.29818181818183
01 11 1.24 206.61999999999998 86.3709090909091
02 11 1.24 206.61999999999998 86.3709090909091
03 11 1.24 206.61999999999998 86.3709090909091
04 11 1.24 206.61999999999998 86.3709090909091
05 11 1.24 203.45 50.56159090909091
06 11 1.24 106.94 32.68931818181818
07 11 1.24 105.35 23.600454545454543
08 11 1.24 11.777499999999998 5.644090909090908
09 11 1.24 12.184375 5.681079545454545
10 11 1.24 8.104999999999999 4.882499999999999
11 11 1.24 8.104999999999999 4.882499999999999
12 11 1.24 8.104999999999999 4.904318181818182
13 11 1.24 14.700624999999999 5.559374999999999
14 11 1.24 8.51 4.958238636363636
15 11 1.24 102.20000000000002 13.475511363636366
16 11 1.24 13.281874999999998 5.392045454545454
17 11 1.24 8.519999999999998 4.959147727272726
18 11 1.24 13.00625 5.422840909090909
19 11 1.24 8.829999999999998 5.043181818181818
20 11 1.24 12.776874999999999 5.401988636363636
21 11 1.24 8.7025 4.880113636363636
22 11 1.24 7.54 4.549431818181818
23 11 1.24 12.125 4.9662500000000005
24 11 1.24 12.125 4.9662500000000005
25 11 1.24 13.068124999999998 5.051988636363636
26 11 1.24 7.03625 4.294886363636364
27 11 1.24 12.266249999999996 4.770340909090908
28 11 1.24 12.266249999999996 4.770340909090908
29 11 1.24 9.938749999999999 4.55875
30 11 1.24 9.590624999999998 4.7175568181818175
31 11 1.24 101.28999999999999 13.053863636363637
32 11 1.24 101.28999999999999 13.053863636363637
33 11 1.24 107.16937499999999 22.497556818181817
34 11 1.24 107.05874999999997 13.33215909090909
35 11 1.24 6.68 4.049772727272728
36 11 1.24 12.084999999999997 4.984261363636363
37 11 1.24 11.224375 4.350170454545455
38 11 1.24 101.50999999999999 21.14431818181818
39 11 1.24 101.50999999999999 21.14431818181818
40 11 1.21 100.78 12.027045454545453
41 11 1.21 7.24 3.557954545454545
42 11 1.21 7.119999999999998 3.547045454545454
43 11 1.21 8.829374999999997 3.702443181818182
44 11 1.21 103.67750000000001 12.325000000000001
45 11 1.21 6.231875 3.4663068181818177
46 11 1.21 12.79875 4.063295454545455
47 11 1.21 8.4975 3.6722727272727274
48 11 1.21 10.97 3.8970454545454545
49 11 1.21 106.169375 12.562443181818184
50 11 1.21 7.589999999999999 3.6006818181818185
51 11 1.1275 5.445000000000001 3.0131818181818186
52 11 1.1275 5.4799999999999995 3.016363636363636
53 11 1.1275 4.9525 2.6390909090909087
54 11 1.1275 12.722499999999998 3.8763636363636356
55 11 1.1275 202.81125 21.157159090909094
56 11 1.1275 10.579999999999998 3.3372727272727265
57 11 1.1275 6.792499999999999 2.488181818181818
58 11 1.1275 201.76874999999998 29.005113636363635
59 11 1.1 101.35999999999997 10.762499999999998
60 11 1.1 101.35999999999997 10.762499999999998
61 11 1.06 101.39999999999999 10.576136363636364
62 11 0.97 5.974374999999999 1.754715909090909
63 11 0.97 100.95 10.318863636363636
64 11 0.97 1.625 1.2493181818181818
65 11 0.97 1.5300000000000002 1.2370454545454548
66 11 0.97 101.54999999999998 10.329772727272726
67 11 0.97 101.66999999999999 19.429772727272724
68 11 0.97 101.66999999999999 19.429772727272724
69 11 0.97 101.66999999999999 19.429772727272724
70 11 0.97 101.66999999999999 19.429772727272724
71 11 0.97 206.539375 19.861534090909096
72 11 0.97 1.3300000000000003 1.2061363636363638
73 11 0.97 1.5300000000000002 1.2243181818181819
74 11 0.97 101.49 10.303409090909087
75 11 0.97 101.25999999999998 10.282499999999995
76 11 0.97 101.25999999999998 10.282499999999995
77 11 0.97 201.60999999999999 19.42340909090909
78 11 0.9600000000000001 102.50999999999999 10.362499999999995
79 11 0.9600000000000001 105.95687499999998 10.675852272727267
80 11 0.9600000000000001 106.21 20.211590909090905
81 11 0.9600000000000001 105.96999999999998 10.689772727272725
82 11 0.9600000000000001 1.4700000000000002 1.1720454545454546
83 11 0.97 105.835 10.676590909090907
84 11 0.97 101.49 10.303409090909089
85 11 0.97 101.49 10.303409090909089
86 11 0.97 101.49 10.303409090909089
87 11 0.97 101.49 10.303409090909089
88 11 0.97 102.21124999999999 10.341022727272724
89 11 0.97 101.21 10.38522727272727
90 11 0.97 101.02999999999999 10.259999999999998
91 11 0.97 101.78999999999999 10.329090909090906
92 11 0.97 101.35687499999999 10.289715909090907
93 11 0.97 6.319999999999999 1.65
94 11 0.97 2.32875 1.2435227272727274
95 11 0.97 101.01 10.214545454545453
96 11 0.97 1.24 1.121818181818182
97 11 0.97 1.62 1.151818181818182
98 11 0.97 101.65 10.245454545454546
99 11 0.97 105.74499999999998 19.80772727272727
100 11 0.97 102.32999999999998 19.454886363636362
101 11 0.97 102.32999999999998 19.454886363636362
102 11 0.97 102.32999999999998 19.454886363636362
103 11 0.97 102.32999999999998 19.47670454545454
104 11 0.97 102.32999999999998 19.47670454545454
105 11 0.97 102.19000000000001 19.384545454545453
106 11 0.97 102.19000000000001 19.384545454545453
107 11 0.97 101.38 19.31090909090909
108 11 0.54 101.32000000000001 10.173636363636364
109 11 0.54 101.32000000000001 10.173636363636364
110 11 0.54 100.96999999999998 10.554431818181817
111 11 0.54 101.35 19.236363636363635
112 11 0.54 101.35 19.236363636363635
113 11 0.54 1.28 1.0463636363636366
114 11 0.54 1.2600000000000002 1.0236363636363637
115 11 0.54 100.86999999999999 10.079090909090908
116 11 0.54 105.73999999999998 19.568181818181817
117 11 0.54 105.73999999999998 19.568181818181817
118 11 0.54 101.83 19.212727272727275
119 11 0.54 101.83 19.212727272727275
120 11 0.54 101.83 19.212727272727275
121 11 0.54 101.28999999999999 10.080909090909092
122 11 0.54 101.28999999999999 10.080909090909092
123 11 0.54 101.28999999999999 10.080909090909092
124 11 0.54 101.22 10.074545454545456
125 11 0.54 106.28812499999998 10.53528409090909
126 11 0.54 105.67499999999998 19.598977272727268
127 11 0.54 105.97 19.62579545454545
128 11 0.54 102.17249999999999 10.148863636363636
129 11 0.54 100.7 10.015000000000002
130 11 0.54 106.085 10.504545454545456
131 11 0.54 100.35 9.98318181818182
132 11 0.54 106.263125 10.520738636363639
133 11 0.37 1.1600000000000001 0.894090909090909
134 11 0.37 1.1600000000000001 0.894090909090909
135 11 0.37 1.1600000000000001 0.894090909090909
136 11 0.37 101.53 10.018636363636363
137 11 0.37 101.52 10.04318181818182
138 11 0.37 101.20999999999997 19.015909090909087
139 11 0.37 105.816875 19.434715909090908
140 11 0.37 105.816875 19.434715909090908
141 11 0.37 1.84 0.947727272727273
142 11 0.37 100.66999999999999 9.932272727272727
143 11 0.4 100.66999999999999 9.935
144 11 0.4 100.99 9.985909090909091
145 11 0.4 101.04499999999999 10.075454545454546
146 11 0.4 101.04499999999999 10.075454545454546
147 11 0.4 1.9900000000000002 0.985909090909091
148 11 0.4 1.9900000000000002 0.985909090909091
149 11 0.4 105.71812499999999 10.415738636363635
150 11 0.4 102.9125 10.160681818181818
151 11 0.4 101.945 19.159090909090907
152 11 0.4 101.01 9.95590909090909
153 11 0.4 101.01 9.95590909090909
154 11 0.4 5.684999999999999 1.29
155 11 0.4 1.2500000000000002 0.8868181818181818
156 11 0.4 101.37999999999998 9.989545454545452
157 11 0.4 1.3900000000000001 0.8940909090909094
158 11 0.4 101.19 9.966818181818182
159 11 0.4 101.34312499999999 10.002556818181818
160 11 0.4 1.2850000000000001 0.8540909090909092
161 11 0.4 101.1 9.969090909090909
162 11 0.4 101.2 9.978181818181818
163 11 0.4 102.25999999999999 10.074545454545454
164 11 0.4 101.19375 18.964886363636364
165 11 0.4 100.34 9.854545454545455
166 11 0.4 100.91 10.35659090909091
167 11 0.4 100.91999999999999 9.90090909090909
168 11 0.4 101.01374999999999 10.32806818181818
169 11 0.4 5.584999999999999 1.2068181818181818
170 11 0.4 5.584999999999999 1.2068181818181818
171 11 0.4 1.1700000000000002 0.8054545454545455
172 11 0.4 100.85000000000001 10.346534090909092
173 11 0.4 5.761874999999999 1.3392613636363637
174 11 0.4 101.05 9.927272727272728
175 11 0.4 102.1 10.022727272727273
176 11 0.4 101.75 19.042727272727273
177 11 0.4 6.833749999999999 1.3176136363636362
178 11 0.4 101.28999999999999 18.959090909090907
179 11 0.4 101.26999999999998 18.957272727272727
180 11 0.4 101.26999999999998 18.957272727272727
181 11 0.4 100.72000000000001 9.846022727272727
182 11 0.4 5.798749999999999 1.310340909090909
183 11 0.4 101.36000000000001 18.985454545454544
184 11 0.4 101.19 18.97
185 11 0.4 101.3 10.311363636363636
186 11 0.4 101.3 10.311363636363636
187 11 0.4 100.35 10.225
188 11 0.4 5.5649999999999995 1.165909090909091
189 11 0.4 2.21 0.8772727272727273
190 11 0.4 101.01374999999999 18.92488636363636
191 11 0.4 1.2262499999999998 0.7842045454545455
192 11 0.4 100.90999999999998 9.846363636363636
193 11 0.4 100.74000000000001 9.855454545454547
194 11 0.4 101.42999999999999 9.918181818181818
195 11 0.4 100.7 18.89818181818182
196 11 0.4 102.42875000000001 10.481250000000001
197 11 0.4 101.02 18.971818181818183
198 11 0.4 100.86999999999999 9.866363636363635
199 11 0.4 101.8 9.950909090909091
200 11 0.4 1.02 0.78
201 11 0.4 106.043125 10.339829545454547
202 11 0.4 100.78999999999999 9.862272727272726
203 11 0.4 100.73 9.92909090909091
204 11 0.4 100.42999999999999 9.90181818181818
205 11 0.4 2.15625 0.9090340909090908
206 11 0.4 2.15625 0.9090340909090908
207 11 0.4 100.96 18.903181818181817
208 11 0.4 100.89 9.835909090909091
209 11 0.4 100.91999999999997 9.838636363636361
210 11 0.4 100.91999999999997 9.838636363636361
211 11 0.4 1.045 0.7590909090909093
212 11 0.4 105.475 10.252727272727272
213 11 0.4 102.19125 9.954204545454544
214 11 0.4 101.9325 10.362954545454544
215 11 0.4 102.05999999999999 10.086136363636362
216 11 0.4 2.5375 0.9402272727272727
217 11 0.4 101.37999999999998 18.965681818181817
218 11 0.4 101.37999999999998 18.965681818181817
219 11 0.4 102.25999999999999 9.964545454545453
220 11 0.4 105.736875 10.280624999999999
221 11 0.4 6.891249999999999 1.2882954545454544
222 11 0.4 103.25999999999999 19.239090909090912
223 11 0.4 102.02 9.915454545454544
224 11 0.4 102.21124999999999 19.029204545454544
225 11 0.4 100.97999999999999 9.784545454545452
226 11 0.4 100.97999999999999 9.784545454545452
227 11 0.4 100.58 9.775454545454544
228 11 0.4 106.266875 10.328806818181816
229 11 0.4 1.3 0.7327272727272728
230 11 0.4 1.3 0.7327272727272728
231 11 0.4 102.28374999999998 9.913068181818177
232 11 0.4 102.28374999999998 9.913068181818177
233 11 0.4 102.28374999999998 9.913068181818177
234 11 0.4 100.96000000000001 9.801818181818183
235 11 0.4 1.11 0.7245454545454546
236 11 0.4 1.11 0.7245454545454546
237 11 0.4 101.48 9.84909090909091
238 11 0.4 1.05 0.6827272727272727
239 11 0.4 1.1500000000000001 0.6918181818181818
240 11 0.4 1.1500000000000001 0.67
241 11 0.4 1.08 0.6636363636363637
242 11 0.4 1.08 0.6636363636363637
243 11 0.4 100.99 9.746363636363636
244 11 0.4 1.1500000000000001 0.67
245 11 0.4 101.28 9.772727272727273
246 11 0.06999999999999999 0.7100000000000001 0.5718181818181819