*******************************************************************************************
Iteracion NumIndividuos MejorFitness MejorGenotipo PeorFitness PeorGenotipo MediaFitness 
2017_02_26_22_32_39

00 12 2.908125 15.491 9.624541666666666
01 12 2.908125 20.279625000000003 10.02359375
02 12 2.908125 12.52425 9.034427083333332
03 12 2.908125 14.730374999999999 8.651703124999997
04 12 2.908125 19.951249999999998 9.380260416666665
05 12 2.908125 29.063624999999995 10.453692708333334
06 12 2.908125 17.965625000000003 8.316078124999999
07 12 2.908125 10.395249999999997 7.578213541666664
08 12 2.908125 16.694124999999996 7.884979166666665
09 12 2.908125 21.260937499999997 8.451421875
10 12 2.908125 23.103749999999994 8.912447916666666
11 12 2.908125 9.163624999999998 7.158916666666666
12 12 2.908125 21.200874999999996 8.147302083333333
13 12 2.908125 29.809312499999994 8.698875
14 12 2.908125 19.612875000000003 7.815953125
15 12 2.4796249999999995 17.119249999999997 7.113984375
16 12 2.4796249999999995 21.545250000000003 7.6796822916666665
17 12 2.4796249999999995 19.397125000000006 7.12921875
18 12 2.4796249999999995 27.191874999999996 7.895536458333332
19 12 1.779625 30.568125 7.532479166666666
20 12 1.779625 36.11412500000001 7.5594583333333345
21 12 1.779625 19.509249999999998 6.4201927083333326
22 12 1.779625 10.528624999999998 5.1151406249999996
23 12 1.779625 14.070437499999999 5.410291666666666
24 12 1.779625 37.162875 7.2867500000000005
25 12 1.779625 7.383375 4.412260416666666
26 12 1.77025 11.13725 4.341083333333334
27 12 1.77025 6.754625 3.6044114583333333
28 12 1.77025 35.42525 5.656854166666666
29 12 1.77025 14.426874999999999 3.5747187500000006
30 12 1.77025 7.620875 2.742421875
31 12 1.77025 12.354624999999999 2.9677760416666668
32 12 1.77025 7.112124999999999 2.8514427083333334
33 12 1.77025 12.270249999999997 2.9062760416666666
34 12 1.77025 7.588875 2.4340885416666667
35 12 1.77025 6.754625 2.312484375
36 12 1.77025 6.754625 2.2791614583333333
37 12 1.77025 17.254625 3.131244791666667
38 12 1.77025 17.254625000000004 3.1223750000000012
39 12 1.77025 22.154625000000003 3.526760416666667
40 12 1.77025 6.754625 2.243427083333333
41 12 1.77025 22.154625000000003 3.526760416666667
42 12 1.77025 27.054625 3.9350937500000005
43 12 1.77025 31.954625 4.343427083333333
44 12 1.77025 11.654625 2.6517604166666664
45 12 1.77025 6.754625 2.243427083333333
46 12 1.77025 36.854625 4.751760416666667
47 12 1.77025 11.654625 2.6517604166666664
48 12 1.77025 16.554625 3.0600937500000005
49 12 1.77025 6.754625 2.243427083333333
50 12 1.77025 21.454625 3.4684270833333333
51 12 1.77025 41.75462499999999 5.16009375
52 12 1.77025 6.754625 2.243427083333333
53 12 1.77025 27.054625 3.9350937500000005
54 12 1.77025 37.328687499999994 4.791265624999999
55 12 1.77025 41.75462499999999 5.16009375
56 12 1.77025 46.654624999999996 5.568427083333333
57 12 1.77025 26.712125000000004 4.72946875
58 12 1.77025 6.754625 2.2496770833333333
59 12 1.77025 11.654625 2.6580104166666665
60 12 1.77025 16.554625 3.06634375
61 12 1.77025 12.048875000000002 3.5075312499999995
62 12 1.77025 6.754625 2.249677083333333
63 12 1.77025 16.554625 3.0663437499999997
64 12 1.77025 46.654624999999996 5.574677083333332
65 12 1.77025 21.454625 3.474677083333333
66 12 1.77025 21.454625 3.474677083333333
67 12 1.77025 51.55462499999999 5.983010416666665
68 12 1.77025 26.709625000000003 4.7292604166666665
69 12 1.77025 56.45462499999999 8.462802083333333
70 12 1.77025 61.354625 6.799677083333333
71 12 1.77025 51.55462499999999 5.983010416666666
72 12 1.77025 6.754625 2.249677083333333
73 12 1.77025 66.25462499999998 7.2080104166666645
74 12 1.77025 6.754625 2.249677083333333
75 12 1.77025 16.554625 3.0663437499999997
76 12 1.77025 71.15462499999998 7.616343749999999
77 12 1.77025 6.754625 2.249677083333333
78 12 1.77025 11.654625 2.6580104166666665
79 12 1.77025 6.754625 2.249677083333333
80 12 1.77025 76.05462499999999 8.024677083333332
81 12 1.77025 11.654625 2.6580104166666665
82 12 1.77025 56.45462499999999 6.39134375
83 12 1.77025 80.954625 8.433010416666667
84 12 1.77025 61.354625 6.799677083333333
85 12 1.77025 66.25462499999998 7.2080104166666645
86 12 1.77025 6.754625 2.249677083333333
87 12 1.77025 21.454625 3.474677083333333
88 12 1.77025 71.15462499999998 7.616343749999999
89 12 1.77025 76.05462499999999 8.024677083333332
90 12 1.77025 6.754625 2.249677083333333
91 12 1.77025 16.554625 3.0663437499999997
92 12 1.77025 26.354625000000002 3.8830104166666666
93 12 1.77025 80.954625 8.433010416666667
94 12 1.77025 85.85462499999997 8.841343749999998
95 12 1.77025 31.254625 4.29134375
96 12 1.77025 85.85462499999997 11.719859374999997
97 12 1.77025 21.454625 3.474677083333333
98 12 1.77025 90.75462499999998 9.249677083333331
99 12 1.77025 16.554625 3.4929062499999994