Iteracion NumIndividuos MejorFitness MejorGenotipo PeorFitness PeorGenotipo MediaFitness 

2017_02_16_19_30_11
*******************************************************************************************
00 03 12.6625 20.125 15.833333333333334
01 04 8.225 20.125 13.93125
02 05 8.225 20.125 14.14
03 06 8.225 27.378125 14.957812500000001
04 06 8.225 23.950000000000003 14.386458333333335
05 07 8.225 23.950000000000003 13.879464285714286
06 07 8.225 16.90625 12.873214285714287
07 07 8.225 16.90625 12.873214285714287
08 08 8.225 16.90625 13.075000000000001
09 09 6.934375 24.0125 13.182291666666666
10 09 6.934375 24.0125 13.182291666666666
11 09 6.934375 24.0125 13.182291666666666
12 10 6.934375 24.0125 13.313437500000001
13 10 6.934375 24.0125 13.313437500000001
14 10 6.934375 24.0125 13.313437500000001
15 10 6.934375 24.0125 13.313437500000001
16 10 6.934375 17.074999999999996 12.619687500000001
17 10 6.934375 17.074999999999996 12.619687500000001
18 10 6.934375 17.074999999999996 12.619687500000001
19 10 6.934375 17.284375 12.640625
20 10 6.934375 15.596875000000002 12.471875
21 10 6.934375 15.596875000000002 12.471875
22 10 6.934375 15.596875000000002 12.471875
23 10 6.934375 15.596875000000002 12.471875
24 10 6.934375 15.596875000000002 12.471875
25 10 6.934375 15.596875000000002 12.471875
26 10 6.934375 15.596875000000002 12.471875
27 10 6.934375 15.596875000000002 12.471875
28 10 6.934375 15.596875000000002 12.471875
29 10 6.934375 15.596875000000002 12.471875
30 10 6.934375 15.596875000000002 12.471875
31 10 6.934375 15.596875000000002 12.471875
32 10 6.934375 21.69375 13.0815625
33 10 6.934375 22.884375000000002 13.200624999999999
34 10 6.934375 22.396875000000005 13.151875
35 10 6.934375 22.396875000000005 13.151875
36 10 6.934375 22.396875000000005 13.151875
37 10 6.934375 25.4875 14.251875000000002
38 10 6.934375 25.4875 14.251875000000002
39 10 6.934375 25.4875 14.251875000000002
40 10 6.934375 26.262500000000003 14.329375000000002
41 10 6.934375 26.262500000000003 14.329375000000002
42 10 6.934375 26.262500000000003 14.329375000000002
43 10 6.934375 26.262500000000003 14.329375000000002
44 10 6.934375 26.262500000000003 14.329375000000002
45 10 6.934375 26.262500000000003 14.329375000000002
46 10 6.934375 27.331249999999997 14.436250000000001
47 10 6.934375 27.331249999999997 14.436250000000001
48 10 6.934375 27.331249999999997 14.436250000000001
49 10 6.934375 27.331249999999997 14.436250000000001
50 10 6.934375 22.396875000000005 13.85625
51 10 6.934375 27.846874999999997 14.40125
52 10 6.934375 27.846874999999997 14.40125
53 10 6.934375 27.846874999999997 14.40125
54 10 6.934375 27.846874999999997 15.48375
55 10 6.934375 28.81562500000001 15.580625000000001
56 10 6.934375 28.81562500000001 15.580625000000001
57 10 6.934375 28.81562500000001 15.580625000000001
58 10 6.934375 28.81562500000001 15.580625000000001
59 10 6.934375 28.81562500000001 15.580625000000001
60 10 6.934375 28.81562500000001 15.580625000000001
61 10 6.934375 28.81562500000001 15.580625000000001
62 10 6.934375 28.81562500000001 15.580625000000001
63 10 6.934375 28.81562500000001 15.580625000000001
64 10 6.934375 28.81562500000001 15.580625000000001
65 10 6.934375 28.81562500000001 15.580625000000001
66 10 6.934375 28.81562500000001 15.580625000000001
67 10 6.934375 26.743750000000002 15.3734375
68 10 6.934375 38.18750000000001 16.5178125
69 10 6.934375 38.18750000000001 16.5178125
70 10 6.934375 38.18750000000001 16.5178125
71 10 6.934375 33.26250000000001 16.025312500000002
72 10 6.934375 22.61875 14.918125
73 10 6.934375 22.61875 14.918125
74 10 6.934375 23.234375000000007 14.9796875
75 10 6.934375 23.234375000000007 14.9796875
76 10 6.934375 23.234375000000007 14.9796875
77 10 6.934375 24.175 16.1309375
78 10 6.934375 24.175 16.1309375
79 10 6.934375 35.131249999999994 17.2265625
80 10 6.934375 28.862499999999997 16.599687499999998
81 10 6.934375 28.862499999999997 16.599687499999998
82 10 6.934375 28.862499999999997 16.599687499999998
83 10 6.934375 28.862499999999997 16.599687499999998
84 10 6.934375 28.862499999999997 16.599687499999998
85 10 6.934375 28.862499999999997 16.599687499999998
86 10 6.934375 23.234375000000007 15.98125
87 10 6.934375 23.434374999999992 16.00125
88 10 6.934375 23.434374999999992 16.00125
89 10 6.934375 23.434374999999992 16.00125
90 10 6.934375 23.434374999999992 16.00125
91 10 6.934375 23.434374999999992 16.00125
92 10 6.934375 23.434374999999992 16.00125
93 10 6.934375 23.434374999999992 16.00125
94 10 6.934375 23.434374999999992 16.00125
95 10 6.934375 23.434374999999992 16.00125
96 10 6.934375 23.434374999999992 16.00125
97 10 6.934375 23.434374999999992 16.00125
98 10 6.934375 23.434374999999992 16.00125
99 10 6.934375 23.434374999999992 16.00125


*******************************************************************************************
Iteracion NumIndividuos MejorFitness MejorGenotipo PeorFitness PeorGenotipo MediaFitness 
2017_02_16_19_35_19

00 08 5.584374999999999 20.775 15.245703125000002
01 09 5.584374999999999 20.549999999999997 14.43888888888889
02 09 5.584374999999999 34.1875 18.217708333333334
03 11 5.584374999999999 34.1875 17.821306818181817
04 11 5.584374999999999 34.1875 17.821306818181817
05 11 5.584374999999999 29.918750000000006 16.74659090909091
06 11 5.584374999999999 29.918750000000006 16.74659090909091
07 11 5.584374999999999 28.825000000000003 16.647159090909092
08 11 5.584374999999999 28.825000000000003 16.647159090909092
09 11 5.584374999999999 28.825000000000003 16.647159090909092
10 11 5.584374999999999 29.843749999999996 16.65085227272727
11 11 5.584374999999999 29.843749999999996 16.65085227272727
12 11 5.584374999999999 31.071875000000006 16.7625
13 11 5.584374999999999 31.071875000000006 16.7625
14 11 5.584374999999999 27.615625 15.487215909090908
15 11 5.584374999999999 27.615625 15.487215909090908
16 11 5.584374999999999 27.615625 16.05369318181818
17 11 5.584374999999999 27.615625 16.05369318181818
18 11 5.584374999999999 27.615625 16.05369318181818
19 11 5.584374999999999 27.615625 16.05369318181818
20 11 5.584374999999999 27.615625 16.05369318181818
21 11 5.584374999999999 27.615625 16.05369318181818
22 11 5.584374999999999 27.615625 16.05369318181818
23 11 5.584374999999999 20.400000000000002 15.115056818181818
24 11 5.584374999999999 23.165625000000002 15.366477272727273
25 11 5.584374999999999 23.165625000000002 15.366477272727273
26 11 5.584374999999999 23.259375000000002 15.375
27 11 5.584374999999999 29.568750000000005 15.948579545454548
28 11 5.584374999999999 29.568750000000005 15.948579545454548
29 11 5.584374999999999 29.878124999999997 15.976704545454545
30 11 5.584374999999999 29.878124999999997 15.976704545454545
31 11 5.584374999999999 29.878124999999997 15.976704545454545
32 11 5.584374999999999 29.878124999999997 15.976704545454545
33 11 5.584374999999999 24.196875 15.804829545454545
34 11 5.584374999999999 30.096874999999994 16.341193181818184
35 11 5.584374999999999 30.096874999999994 16.341193181818184
36 11 5.584374999999999 30.096874999999994 16.341193181818184
37 11 5.584374999999999 30.096874999999994 16.341193181818184
38 11 5.584374999999999 30.096874999999994 16.341193181818184
39 11 5.584374999999999 30.096874999999994 16.341193181818184
40 11 5.584374999999999 26.159374999999997 15.983238636363637
41 11 5.584374999999999 23.390625000000007 15.671875
42 11 5.584374999999999 23.390625000000007 15.671875
43 11 5.584374999999999 23.390625000000007 15.671875
44 11 5.584374999999999 23.390625000000007 15.671875
45 11 5.584374999999999 23.525 16.261079545454546
46 11 5.584374999999999 23.525 16.261079545454546
47 11 5.584374999999999 23.525 16.261079545454546
48 11 5.584374999999999 23.525 16.261079545454546
49 11 5.584374999999999 23.525 16.261079545454546
50 11 5.584374999999999 23.784375000000008 16.28465909090909
51 11 5.584374999999999 23.784375000000008 16.28465909090909
52 11 5.584374999999999 23.390625000000007 16.184375000000003
53 11 5.584374999999999 23.390625000000007 16.184375000000003
54 11 5.584374999999999 23.334375000000005 16.179261363636364
55 11 5.584374999999999 23.334375000000005 16.179261363636364
56 11 5.584374999999999 23.334375000000005 16.179261363636364
57 11 5.584374999999999 23.334375000000005 16.179261363636364
58 11 5.584374999999999 23.334375000000005 16.179261363636364
59 11 5.584374999999999 23.334375000000005 16.179261363636364
60 11 5.584374999999999 23.334375000000005 16.179261363636364
61 11 5.584374999999999 23.334375000000005 16.179261363636364
62 11 5.584374999999999 22.734375 15.80625
63 11 5.584374999999999 22.734375 15.80625
64 11 5.584374999999999 22.734375 15.80625
65 11 5.584374999999999 22.734375 15.80625
66 11 5.584374999999999 22.734375 15.80625
67 11 5.584374999999999 22.734375 15.80625
68 11 5.584374999999999 22.734375 15.80625
69 11 5.584374999999999 22.734375 15.80625
70 11 5.584374999999999 22.734375 15.80625
71 11 5.584374999999999 22.734375 15.80625
72 11 5.584374999999999 22.734375 15.80625
73 11 5.584374999999999 22.734375 15.80625
74 11 5.584374999999999 22.734375 15.80625
75 11 5.584374999999999 24.321875 16.88323863636364
76 11 5.584374999999999 24.321875 16.88323863636364
77 11 5.584374999999999 24.321875 16.88323863636364
78 11 5.584374999999999 26.490625 17.744886363636365
79 11 5.584374999999999 26.490625 17.744886363636365
80 11 5.584374999999999 26.490625 17.744886363636365
81 11 5.584374999999999 26.490625 17.744886363636365
82 11 5.584374999999999 25.709375000000012 17.673863636363638
83 11 5.584374999999999 25.709375000000012 17.673863636363638
84 11 5.584374999999999 32.54375 18.295170454545453
85 11 5.584374999999999 29.259375 17.99659090909091
86 11 5.584374999999999 25.590625 17.66306818181818
87 11 5.584374999999999 25.590625 17.66306818181818
88 11 5.584374999999999 25.590625 17.66306818181818
89 11 5.584374999999999 25.590625 17.66306818181818
90 11 5.584374999999999 26.268749999999997 17.72471590909091
91 11 5.584374999999999 38.328125 18.821022727272727
92 11 5.584374999999999 38.328125 18.821022727272727
93 11 5.584374999999999 38.328125 18.821022727272727
94 11 5.584374999999999 38.328125 18.821022727272727
95 11 5.584374999999999 38.328125 18.821022727272727
96 11 5.584374999999999 38.328125 18.821022727272727
97 11 5.584374999999999 38.328125 18.821022727272727
98 11 5.584374999999999 38.328125 18.821022727272727
99 11 5.584374999999999 37.47187499999999 18.743181818181817


*******************************************************************************************
Iteracion NumIndividuos MejorFitness MejorGenotipo PeorFitness PeorGenotipo MediaFitness 
2017_02_16_19_36_35

00 02 8.7625 13.199999999999998 10.98125
01 03 8.7625 20.55 14.170833333333334
02 04 6.862500000000001 20.55 12.34375
03 04 6.862500000000001 20.55 12.34375
04 04 6.862500000000001 26.4 15.643749999999997
05 05 5.83125 18.9375 11.680625000000001
06 06 5.83125 35.440625 15.890624999999998
07 07 5.83125 32.95625 14.125446428571426
08 08 5.83125 29.628124999999997 13.307812499999999
09 09 5.83125 29.628124999999997 13.376388888888888
10 09 5.83125 29.628124999999997 13.376388888888888
11 09 5.83125 29.628124999999997 13.376388888888888
12 10 5.83125 29.628124999999997 12.971875
13 10 5.83125 29.628124999999997 12.971875
14 10 5.83125 24.071875000000006 12.41625
15 10 5.83125 26.684375 12.677499999999998
16 10 5.83125 32.746875 13.283750000000001
17 10 5.83125 32.746875 13.283750000000001
18 10 5.83125 32.746875 13.283750000000001
19 10 5.83125 21.146874999999994 12.123749999999998
20 10 5.83125 18.928125000000005 11.833437499999999
21 10 5.83125 18.243750000000002 11.4478125
22 10 5.83125 18.243750000000002 11.4478125
23 10 5.83125 34.49375 13.072812500000001
24 10 5.83125 34.49375 13.072812500000001
25 10 5.83125 34.49375 13.072812500000001
26 10 5.83125 16.634375 11.286874999999998
27 10 5.83125 16.634375 11.286874999999998
28 10 5.83125 28.5625 12.479687499999999
29 10 5.83125 28.5625 12.479687499999999
30 10 5.83125 16.071875000000006 11.230625
31 10 5.83125 16.071875000000006 11.230625
32 10 5.83125 27.487500000000004 12.665625
33 10 5.83125 27.487500000000004 12.665625
34 10 5.83125 27.487500000000004 12.665625
35 10 5.83125 27.487500000000004 12.665625
36 10 5.83125 27.487500000000004 12.665625
37 10 5.83125 27.487500000000004 12.665625
38 10 5.83125 29.278125000000003 12.844687500000001
39 10 5.83125 28.94687500000001 12.811562499999999
40 10 5.83125 28.94687500000001 12.811562499999999
41 10 5.83125 26.796875000000004 12.5965625
42 10 5.83125 23.984375000000004 12.3153125
43 10 5.83125 23.084375 12.2253125
44 10 5.83125 28.546875 13.2640625
45 10 5.83125 28.546875 13.2640625
46 10 5.83125 28.546875 13.2640625
47 10 5.83125 27.071875 13.472187499999999
48 10 5.83125 27.071875 13.472187499999999
49 10 5.83125 22.931250000000002 12.765937499999998
50 10 5.83125 22.931250000000002 12.765937499999998
51 10 5.83125 23.750000000000007 12.8478125
52 10 5.83125 30.421875000000004 13.515
53 10 5.83125 34.065625 13.879375
54 10 5.83125 23.440624999999997 13.335312499999997
55 10 5.83125 23.440624999999997 13.335312499999997
56 10 5.83125 23.440624999999997 13.335312499999997
57 10 5.83125 23.278125000000006 13.319062500000001
58 10 5.83125 20.009375 12.828437499999998
59 10 5.83125 20.009375 12.828437499999998
60 10 5.83125 24.206249999999997 13.248124999999998
61 10 5.83125 20.109375000000004 12.838437500000001
62 10 5.83125 20.109375000000004 12.838437500000001
63 10 5.83125 20.109375000000004 12.838437500000001
64 10 5.83125 27.525 13.579999999999998
65 10 5.83125 27.525 13.579999999999998
66 10 5.83125 27.525 13.579999999999998
67 10 5.83125 27.525 13.579999999999998
68 10 5.83125 27.525 13.579999999999998
69 10 5.83125 27.525 13.579999999999998
70 10 5.83125 18.46875 12.3696875
71 10 5.83125 18.46875 12.3696875
72 10 5.83125 18.46875 12.3696875
73 10 5.83125 18.46875 12.3696875
74 10 5.83125 18.371875 12.772187499999998
75 10 5.83125 18.371875 12.772187499999998
76 10 5.83125 18.371875 12.772187499999998
77 10 5.83125 25.975 13.9409375
78 10 5.83125 25.975 13.9409375
79 10 5.83125 25.975 13.9409375
80 10 5.83125 25.975 13.9409375
81 10 5.83125 25.975 13.9409375
82 10 5.83125 26.609374999999996 14.004375000000001
83 10 5.83125 26.609374999999996 14.004375000000001
84 10 5.83125 26.609374999999996 14.004375000000001
85 10 5.83125 26.609374999999996 14.004375000000001
86 10 5.83125 26.609374999999996 14.004375000000001
87 10 5.83125 26.609374999999996 14.004375000000001
88 10 5.83125 30.090625 14.352500000000001
89 10 5.83125 20.753125 13.41875
90 10 5.83125 20.753125 13.41875
91 10 5.83125 20.753125 13.41875
92 10 5.83125 20.753125 13.41875
93 10 5.83125 20.753125 13.41875
94 10 5.83125 25.27187500000001 14.401875
95 10 5.83125 25.27187500000001 14.401875
96 10 5.83125 23.684374999999996 13.626249999999999
97 10 5.83125 23.684374999999996 13.626249999999999
98 10 5.83125 22.393750000000004 13.4971875
99 10 5.83125 22.393750000000004 13.4971875


*******************************************************************************************
Iteracion NumIndividuos MejorFitness MejorGenotipo PeorFitness PeorGenotipo MediaFitness 
2017_02_16_21_06_51

00 05 13.1625 33.225 19.916249999999998
01 05 12.395312499999998 20.0 15.750312499999998
02 06 12.395312499999998 22.060937500000005 15.771875
03 07 12.395312499999998 30.207812500000003 18.550446428571426
04 08 12.395312499999998 30.207812500000003 18.381640624999996
05 08 12.395312499999998 30.207812500000003 18.381640624999996
06 09 12.395312499999998 39.099999999999994 20.68368055555555
07 10 11.15625 39.099999999999994 19.730937499999996
08 10 11.15625 39.099999999999994 19.730937499999996
09 10 11.15625 39.099999999999994 20.642656249999995
10 10 11.15625 39.06874999999999 20.639531249999997
11 10 11.15625 30.207812500000003 18.503437499999997
12 10 11.15625 27.075000000000003 18.0234375
13 10 11.15625 27.075000000000003 18.0234375
14 10 11.15625 27.075000000000003 18.0234375
15 10 11.15625 27.075000000000003 18.0234375
16 10 11.15625 25.40781250000001 17.720156250000002
17 10 11.15625 24.0421875 16.893906249999997
18 10 11.15625 24.0421875 16.893906249999997
19 10 11.15625 24.0421875 16.893906249999997
20 10 11.15625 27.0015625 17.18984375
21 10 11.15625 22.2796875 16.3759375
22 10 11.15625 22.2796875 16.3759375
23 10 11.15625 22.2796875 16.3759375
24 10 11.15625 22.2796875 16.3759375
25 10 11.15625 22.2796875 16.3759375
26 10 11.15625 30.414062500000004 17.189374999999995
27 10 11.15625 30.414062500000004 17.189374999999995
28 10 11.15625 30.337500000000002 17.181718749999998
29 10 11.15625 34.400000000000006 19.2346875
30 10 11.15625 34.400000000000006 19.2346875
31 10 11.15625 29.892187500000006 17.8409375
32 10 11.15625 29.892187500000006 17.8409375
33 10 11.15625 29.892187500000006 17.8409375
34 10 11.15625 22.637499999999996 16.637187499999996
35 10 11.15625 22.637499999999996 16.637187499999996
36 10 11.15625 32.575 17.630937499999995
37 10 11.15625 32.575 17.630937499999995
38 10 11.15625 32.575 17.630937499999995
39 10 11.15625 32.575 17.630937499999995
40 10 11.15625 32.575 17.630937499999995
41 10 11.15625 32.575 17.630937499999995
42 10 11.15625 32.575 17.630937499999995
43 10 11.15625 32.575 17.630937499999995
44 10 12.395312499999998 32.575 18.305937499999995
45 10 12.395312499999998 26.6171875 17.710156249999997
46 10 12.395312499999998 17.90625 16.463906249999997
47 10 12.395312499999998 17.90625 16.463906249999997
48 10 12.395312499999998 17.90625 16.463906249999997
49 10 12.395312499999998 36.1421875 18.287499999999998
50 10 12.395312499999998 19.214062500000004 16.5159375
51 10 12.395312499999998 19.214062500000004 16.5159375
52 10 12.395312499999998 19.214062500000004 16.5159375
53 10 12.395312499999998 23.7765625 16.972187499999997
54 10 12.395312499999998 23.7765625 16.972187499999997
55 10 12.395312499999998 37.393750000000004 18.333906250000002
56 10 12.395312499999998 37.393750000000004 18.333906250000002
57 10 12.395312499999998 37.393750000000004 18.333906250000002
58 10 12.395312499999998 32.8578125 17.8803125
59 10 12.395312499999998 32.8578125 17.8803125
60 10 12.395312499999998 32.8578125 17.8803125
61 10 12.395312499999998 28.095312500000002 18.32046875
62 10 12.395312499999998 28.095312500000002 18.32046875
63 10 12.395312499999998 28.095312500000002 18.32046875
64 10 12.395312499999998 26.876562500000002 18.17703125
65 10 12.395312499999998 26.876562500000002 18.17703125
66 10 5.565624999999998 26.660937500000003 16.0459375
67 10 5.565624999999998 26.660937500000003 16.0459375
68 10 5.565624999999998 26.660937500000003 16.0459375
69 10 5.565624999999998 26.660937500000003 16.0459375
70 10 5.565624999999998 26.660937500000003 16.0459375
71 10 5.565624999999998 26.660937500000003 16.0459375
72 10 5.565624999999998 20.218750000000004 15.40171875
73 10 5.565624999999998 20.218750000000004 15.40171875
74 10 5.565624999999998 20.218750000000004 15.40171875
75 10 5.565624999999998 37.9546875 18.4528125
76 10 5.565624999999998 37.9546875 18.4528125
77 10 5.565624999999998 32.673437500000006 17.415156250000003
78 10 5.565624999999998 27.042187499999997 16.85203125
79 10 5.565624999999998 27.042187499999997 17.785625
80 10 5.565624999999998 27.042187499999997 17.785625
81 10 5.565624999999998 26.240625 16.7496875
82 10 5.565624999999998 23.675000000000004 16.493125
83 10 5.565624999999998 23.675000000000004 16.493125
84 10 5.565624999999998 23.675000000000004 16.493125
85 10 5.565624999999998 23.675000000000004 16.493125
86 10 5.565624999999998 27.920312499999994 16.12015625
87 10 5.565624999999998 33.0984375 16.63796875
88 10 5.565624999999998 33.0984375 16.63796875
89 10 5.565624999999998 33.0984375 16.63796875
90 10 5.565624999999998 25.882812500000004 15.91640625
91 10 5.565624999999998 25.882812500000004 15.91640625
92 10 5.565624999999998 23.904687499999998 15.71859375
93 10 5.565624999999998 33.092187499999994 16.63734375
94 10 5.565624999999998 33.092187499999994 16.63734375
95 10 5.565624999999998 33.092187499999994 16.63734375
96 10 5.565624999999998 33.092187499999994 16.63734375
97 10 5.565624999999998 33.092187499999994 16.63734375
98 10 5.565624999999998 33.092187499999994 16.63734375
99 10 5.565624999999998 33.092187499999994 16.63734375


*******************************************************************************************
Iteracion NumIndividuos MejorFitness MejorGenotipo PeorFitness PeorGenotipo MediaFitness 
2017_02_16_21_10_45

00 05 10.331249999999999 32.6921875 20.962812500000002
01 06 10.331249999999999 32.6921875 19.55963541666667
02 07 10.331249999999999 26.025 18.82522321428571
03 07 10.331249999999999 26.025 18.82522321428571
04 07 10.331249999999999 26.6 18.907366071428573
05 08 10.331249999999999 26.6 18.8837890625
06 08 10.331249999999999 51.32031249999999 21.973828124999997
07 09 7.5671875 40.798437500000006 19.203993055555557
08 10 7.5671875 40.54843750000001 19.04828125
09 10 7.5671875 32.08593749999999 18.202031249999997
10 10 7.5671875 32.08593749999999 18.202031249999997
11 10 7.5671875 32.08593749999999 18.202031249999997
12 10 7.5671875 32.08593749999999 18.202031249999997
13 10 7.5671875 44.04375 19.397812499999997
14 10 7.5671875 44.04375 19.397812499999997
15 10 7.5671875 23.521875 17.345625
16 10 7.5671875 23.521875 17.345625
17 10 7.5671875 23.521875 17.345625
18 10 7.5671875 34.3453125 18.427968749999998
19 10 7.5671875 34.3453125 18.427968749999998
20 10 7.5671875 29.5921875 17.952656249999997
21 10 7.5671875 29.5921875 17.952656249999997
22 10 7.5671875 29.5921875 17.952656249999997
23 10 7.5671875 29.5921875 17.952656249999997
24 10 7.5671875 29.5921875 17.952656249999997
25 10 7.5671875 29.5921875 17.952656249999997
26 10 7.5671875 29.5921875 17.952656249999997
27 10 7.5671875 29.5921875 17.952656249999997
28 10 7.5671875 22.453125 16.1234375
29 10 7.5671875 22.453125 16.1234375
30 10 7.5671875 22.453125 16.1234375
31 10 7.5671875 23.564062500000002 16.23453125
32 10 7.5671875 31.051562499999996 16.983281249999997
33 10 7.5671875 31.051562499999996 16.983281249999997
34 10 7.5671875 38.1015625 17.68828125
35 10 7.5671875 38.1015625 17.68828125
36 10 7.5671875 38.1015625 17.68828125
37 10 7.5671875 38.1015625 17.68828125
38 10 7.5671875 38.1015625 17.68828125
39 10 7.5671875 21.549999999999997 15.77515625
40 10 7.5671875 21.549999999999997 15.77515625
41 10 7.5671875 21.549999999999997 15.77515625
42 10 7.5671875 21.549999999999997 15.77515625
43 10 7.5671875 25.087499999999995 16.799374999999998
44 10 7.5671875 41.550000000000004 18.876875
45 10 7.5671875 50.11406250000001 19.733281249999997
46 10 7.5671875 50.11406250000001 19.733281249999997
47 10 7.5671875 50.11406250000001 19.733281249999997
48 10 7.5671875 50.11406250000001 19.733281249999997
49 10 7.5671875 50.11406250000001 19.733281249999997
50 10 7.5671875 50.11406250000001 19.733281249999997
51 10 7.5671875 50.11406250000001 19.733281249999997
52 10 7.5671875 27.5640625 17.47828125
53 10 7.5671875 27.5640625 17.47828125
54 10 7.5671875 27.5640625 17.47828125
55 10 7.5671875 27.5640625 17.47828125
56 10 7.5671875 27.5640625 17.47828125
57 10 7.5671875 27.5640625 17.47828125
58 10 7.5671875 27.5640625 17.47828125
59 10 7.5671875 42.120312500000004 18.93390625
60 10 7.5671875 42.120312500000004 18.93390625
61 10 7.5671875 42.120312500000004 19.9
62 10 7.5671875 42.120312500000004 19.9
63 10 7.5671875 30.665625000000016 18.4390625
64 10 7.5671875 30.665625000000016 18.4390625
65 10 7.5671875 30.665625000000016 18.4390625
66 10 7.5671875 29.4265625 18.315156249999998
67 10 7.5671875 29.4265625 18.315156249999998
68 10 7.5671875 33.1765625 18.690156249999998
69 10 7.5671875 33.1765625 18.690156249999998
70 10 7.5671875 27.5109375 17.812499999999996
71 10 7.5671875 27.5109375 17.812499999999996
72 10 7.5671875 25.087499999999995 17.21
73 10 7.5671875 25.087499999999995 17.21
74 10 7.5671875 25.087499999999995 17.21
75 10 7.5671875 25.564062499999995 17.25765625
76 10 7.5671875 25.564062499999995 17.25765625
77 10 7.5671875 30.064062499999995 18.839843749999996
78 10 7.5671875 35.7796875 19.41140625
79 10 7.5671875 35.7796875 19.41140625
80 10 7.5671875 35.7796875 19.41140625
81 10 7.5671875 35.7796875 19.41140625
82 10 7.5671875 35.7796875 19.41140625
83 10 7.5671875 36.5703125 20.11046875
84 10 7.5671875 36.5703125 20.11046875
85 10 7.5671875 36.5703125 20.11046875
86 10 7.5671875 46.135937500000004 20.86375
87 10 7.5671875 46.135937500000004 21.932187499999998
88 10 7.5671875 46.135937500000004 21.932187499999998
89 10 7.5671875 46.135937500000004 21.932187499999998
90 10 7.5671875 46.135937500000004 21.932187499999998
91 10 7.5671875 46.135937500000004 21.932187499999998
92 10 7.5671875 46.135937500000004 21.932187499999998
93 10 7.5671875 46.135937500000004 21.932187499999998
94 10 7.5671875 46.135937500000004 21.932187499999998
95 10 7.5671875 46.135937500000004 21.932187499999998
96 10 7.5671875 46.135937500000004 21.932187499999998
97 10 7.5671875 46.135937500000004 23.710312499999997
98 10 7.5671875 46.135937500000004 23.710312499999997
99 10 7.5671875 46.135937500000004 23.710312499999997


*******************************************************************************************
Iteracion NumIndividuos MejorFitness MejorGenotipo PeorFitness PeorGenotipo MediaFitness 
2017_02_16_21_12_26

00 06 5.6937500000000005 25.775 16.216666666666665
01 07 5.6937500000000005 27.6 17.842857142857138
02 08 5.6937500000000005 36.77343749999999 20.596679687499996
03 08 5.6937500000000005 36.77343749999999 20.596679687499996
04 09 5.6937500000000005 36.77343749999999 20.440104166666664
05 11 5.6937500000000005 36.77343749999999 20.243039772727272
06 11 5.6937500000000005 36.77343749999999 20.243039772727272
07 11 5.6937500000000005 30.7 19.083948863636362
08 11 5.6937500000000005 30.7 19.083948863636362
09 11 5.6937500000000005 28.75 18.820170454545455
10 11 5.6937500000000005 28.75 18.820170454545455
11 11 5.6937500000000005 25.775 17.790198863636363
12 11 5.6937500000000005 25.775 17.790198863636363
13 11 5.6937500000000005 27.914062499999993 17.98465909090909
14 11 5.6937500000000005 27.914062499999993 17.98465909090909
15 11 5.6937500000000005 27.914062499999993 17.98465909090909
16 11 5.6937500000000005 27.914062499999993 17.98465909090909
17 11 5.6937500000000005 35.12343749999999 18.640056818181815
18 11 5.6937500000000005 35.12343749999999 18.640056818181815
19 11 5.6937500000000005 29.403125000000003 18.12002840909091
20 11 5.6937500000000005 29.403125000000003 18.12002840909091
21 11 5.6937500000000005 29.403125000000003 18.12002840909091
22 11 5.6937500000000005 24.4625 16.48153409090909
23 11 5.6937500000000005 26.1234375 16.63252840909091
24 11 5.6937500000000005 26.1234375 16.63252840909091
25 11 5.6937500000000005 26.1234375 16.63252840909091
26 11 5.6937500000000005 26.982812499999998 16.71065340909091
27 11 5.6937500000000005 24.0234375 15.706392045454544
28 11 5.6937500000000005 24.0234375 15.706392045454544
29 11 5.6937500000000005 24.0234375 15.706392045454544
30 11 5.6937500000000005 34.35781249999999 16.64588068181818
31 11 5.6937500000000005 29.467187499999998 16.20127840909091
32 11 5.6937500000000005 19.4703125 15.080255681818182
33 11 5.6937500000000005 19.4703125 15.080255681818182
34 11 5.6937500000000005 19.4703125 15.080255681818182
35 11 5.6937500000000005 19.4703125 15.080255681818182
36 11 5.6937500000000005 19.4703125 15.080255681818182
37 11 5.6937500000000005 28.3421875 15.88678977272727
38 11 5.6937500000000005 28.3421875 15.88678977272727
39 11 5.6937500000000005 28.3421875 15.88678977272727
40 11 5.6937500000000005 28.3421875 15.88678977272727
41 11 5.6937500000000005 29.2390625 15.968323863636362
42 11 5.6937500000000005 34.63593750000001 16.458948863636365
43 11 5.6937500000000005 34.63593750000001 16.458948863636365
44 11 5.6937500000000005 34.63593750000001 16.458948863636365
45 11 5.6937500000000005 34.63593750000001 16.458948863636365
46 11 5.6937500000000005 28.954687500000002 15.942471590909092
47 11 5.6937500000000005 28.954687500000002 15.942471590909092
48 11 5.6937500000000005 28.954687500000002 15.942471590909092
49 11 5.6937500000000005 33.182812500000004 17.48806818181818
50 11 5.6937500000000005 33.182812500000004 17.48806818181818
51 11 5.6937500000000005 28.954687500000002 16.300710227272727
52 11 5.6937500000000005 29.793749999999996 16.376988636363635
53 11 5.6937500000000005 21.55 15.62755681818182
54 11 5.6937500000000005 21.55 15.62755681818182
55 11 5.6937500000000005 42.039062500000014 17.490198863636365
56 11 5.6937500000000005 42.039062500000014 17.490198863636365
57 11 5.6937500000000005 23.8515625 15.836789772727274
58 11 5.6937500000000005 24.6078125 15.905539772727273
59 11 5.6937500000000005 24.6078125 15.905539772727273
60 11 5.6937500000000005 24.6078125 15.905539772727273
61 11 5.6937500000000005 24.6078125 15.905539772727273
62 11 5.6937500000000005 43.362500000000004 17.610511363636366
63 11 5.6937500000000005 20.026562499999997 15.489062500000001
64 11 5.6937500000000005 20.026562499999997 15.489062500000001
65 11 5.6937500000000005 20.026562499999997 15.489062500000001
66 11 5.6937500000000005 20.026562499999997 15.489062500000001
67 11 5.6937500000000005 20.026562499999997 15.489062500000001
68 11 5.6937500000000005 33.145312499999996 16.681676136363635
69 11 5.6937500000000005 33.145312499999996 16.681676136363635
70 11 5.6937500000000005 33.145312499999996 16.681676136363635
71 11 5.6937500000000005 33.145312499999996 16.681676136363635
72 11 5.6937500000000005 33.145312499999996 16.681676136363635
73 11 5.6937500000000005 25.3234375 15.970596590909093
74 11 5.6937500000000005 22.917187499999997 15.751846590909093
75 11 5.6937500000000005 38.8953125 17.204403409090908
76 11 5.6937500000000005 38.8953125 17.204403409090908
77 11 5.6937500000000005 38.8953125 17.204403409090908
78 11 5.6937500000000005 38.8953125 17.204403409090908
79 11 5.6937500000000005 38.8953125 17.204403409090908
80 11 5.6937500000000005 38.8953125 17.204403409090908
81 11 5.6937500000000005 38.8953125 17.204403409090908
82 11 5.6937500000000005 38.8953125 17.204403409090908
83 11 5.6937500000000005 38.8953125 17.204403409090908
84 11 5.6937500000000005 38.8953125 17.204403409090908
85 11 5.6937500000000005 38.8953125 17.204403409090908
86 11 5.6937500000000005 38.8953125 17.204403409090908
87 11 5.6937500000000005 38.8953125 17.204403409090908
88 11 5.6937500000000005 32.376562500000006 16.611789772727274
89 11 5.6937500000000005 32.376562500000006 16.611789772727274
90 11 5.6937500000000005 32.376562500000006 16.611789772727274
91 11 5.6937500000000005 32.376562500000006 16.611789772727274
92 11 5.6937500000000005 32.376562500000006 16.611789772727274
93 11 5.6937500000000005 31.282812500000006 16.709090909090907
94 11 5.6937500000000005 31.282812500000006 16.709090909090907
95 11 5.6937500000000005 26.656249999999996 16.288494318181815
96 11 5.6937500000000005 26.656249999999996 16.288494318181815
97 11 5.6937500000000005 21.351562499999996 15.523011363636362
98 11 5.6937500000000005 21.351562499999996 15.523011363636362
99 11 5.6937500000000005 21.351562499999996 15.523011363636362


*******************************************************************************************
Iteracion NumIndividuos MejorFitness MejorGenotipo PeorFitness PeorGenotipo MediaFitness 
2017_02_16_21_15_41

00 04 14.893749999999999 28.349999999999998 18.673046874999997
01 05 14.893749999999999 28.349999999999998 18.502187499999998
02 06 14.893749999999999 28.349999999999998 19.878906249999996
03 07 8.709375 37.182812500000004 19.545089285714283
04 08 8.709375 37.182812500000004 19.398828124999998
05 09 8.709375 39.528125 20.119270833333335
06 10 8.709375 39.528125 20.67859375
07 10 8.709375 28.142187500000006 19.54
08 10 8.709375 26.762500000000003 18.263125
09 10 8.709375 26.762500000000003 18.263125
10 10 8.709375 26.762500000000003 18.263125
11 10 8.709375 25.712500000000002 17.749531249999997
12 10 8.709375 25.712500000000002 17.749531249999997
13 10 8.709375 25.712500000000002 17.749531249999997
14 10 8.709375 26.603125000000006 17.838593749999998
15 10 8.709375 28.39375 18.017656249999998
16 10 8.709375 28.39375 18.017656249999998
17 10 8.709375 28.39375 18.017656249999998
18 10 8.709375 28.39375 18.017656249999998
19 10 8.709375 30.635937499999994 18.241874999999997
20 10 8.709375 23.537499999999998 16.237031249999998
21 10 8.709375 29.121875 16.795468749999998
22 10 8.709375 29.121875 16.795468749999998
23 10 8.709375 29.121875 16.795468749999998
24 10 8.709375 29.121875 16.795468749999998
25 10 8.709375 29.121875 16.795468749999998
26 10 8.709375 21.626562499999995 15.3365625
27 10 8.709375 28.1546875 15.989375
28 10 8.709375 28.1546875 15.989375
29 10 8.709375 48.425 18.01640625
30 10 8.709375 48.425 18.01640625
31 10 8.709375 48.425 18.01640625
32 10 8.709375 23.443749999999998 15.518281250000001
33 10 8.709375 23.443749999999998 15.518281250000001
34 10 8.709375 23.443749999999998 15.518281250000001
35 10 8.709375 23.443749999999998 15.518281250000001
36 10 8.709375 23.443749999999998 15.518281250000001
37 10 8.709375 23.443749999999998 15.518281250000001
38 10 8.709375 21.6984375 15.34375
39 10 8.709375 21.6984375 15.34375
40 10 8.709375 21.6984375 15.34375
41 10 8.709375 21.6984375 15.34375
42 10 8.709375 21.6984375 15.34375
43 10 8.709375 21.6984375 15.34375
44 10 8.709375 21.6984375 15.34375
45 10 8.709375 21.6984375 15.34375
46 10 8.709375 22.14531249999999 15.388437499999998
47 10 8.709375 39.598437499999996 17.42609375
48 10 8.709375 21.459375 15.612187500000001
49 10 8.709375 21.459375 15.612187500000001
50 10 8.709375 46.11406250000001 18.07765625
51 10 8.709375 30.535937500000006 17.208906250000002
52 10 8.709375 30.328125000000018 17.35375
53 10 8.709375 30.328125000000018 17.35375
54 10 8.709375 29.8453125 15.870781249999999
55 10 8.709375 22.8296875 15.169218749999999
56 10 8.709375 22.8296875 15.169218749999999
57 10 8.709375 22.8296875 15.169218749999999
58 10 8.709375 21.506249999999998 15.036874999999998
59 10 8.709375 17.985937500000002 14.684843749999999
60 10 8.709375 17.985937500000002 14.684843749999999
61 10 8.709375 17.985937500000002 14.684843749999999
62 10 8.709375 17.985937500000002 14.684843749999999
63 10 8.709375 17.985937500000002 14.684843749999999
64 10 8.709375 17.985937500000002 14.684843749999999
65 10 8.709375 17.985937500000002 14.684843749999999
66 10 8.709375 17.985937500000002 14.684843749999999
67 10 8.709375 17.985937500000002 14.684843749999999
68 10 8.709375 21.004687499999992 14.986718749999998
69 10 8.709375 21.004687499999992 14.986718749999998
70 10 8.709375 23.104687499999997 15.196718749999999
71 10 8.709375 23.104687499999997 15.196718749999999
72 10 8.709375 32.82968749999999 17.487187499999997
73 10 8.709375 32.82968749999999 17.487187499999997
74 10 8.709375 32.82968749999999 17.487187499999997
75 10 8.709375 30.998437499999998 15.5278125
76 10 8.709375 30.998437499999998 15.5278125
77 10 8.709375 30.998437499999998 15.5278125
78 10 8.709375 30.998437499999998 15.5278125
79 10 8.709375 30.998437499999998 15.5278125
80 10 8.709375 30.998437499999998 15.5278125
81 10 8.709375 30.998437499999998 15.5278125
82 10 8.709375 30.998437499999998 15.5278125
83 10 8.709375 32.17656250000002 14.967656250000001
84 10 8.709375 32.17656250000002 14.967656250000001
85 10 8.709375 32.17656250000002 14.967656250000001
86 10 8.709375 15.4984375 12.85921875
87 10 8.709375 15.4984375 12.85921875
88 10 8.709375 44.053124999999994 15.7146875
89 10 8.709375 44.053124999999994 15.7146875
90 10 8.709375 24.270312500000003 13.736406249999998
91 10 8.709375 24.270312500000003 13.736406249999998
92 10 8.709375 24.1453125 13.723906249999999
93 10 8.709375 24.1453125 13.909687499999999
94 10 8.709375 24.1453125 13.909687499999999
95 10 8.709375 24.1453125 13.909687499999999
96 10 8.709375 24.1453125 13.909687499999999
97 10 8.709375 24.1453125 13.909687499999999
98 10 8.709375 24.1453125 13.909687499999999
99 10 8.709375 24.1453125 13.909687499999999