
*******************************************************************************************
Iteracion NumIndividuos MejorFitness MejorGenotipo PeorFitness PeorGenotipo MediaFitness 
2017_02_21_19_48_48 -> -> mutacion 0.15 // 20/40/mon/tes/10/8/4 // 15/02/35/30/06/02/10//

Salgo en la iteracion: 111
Motivo: 1
Mutaciones hechas: 20
Mejor individuo de la poblacion
+---+---+---+---+---+---+---+---+---+---+
| * |   | * |   |   |   |   |   |   |   |
+---+---+---+---+---+---+---+---+---+---+
|   | * |   | * |   | * |   | * |   | * |
+---+---+---+---+---+---+---+---+---+---+
| G |   |   |   |   | * | * | G |   |   |
+---+---+---+---+---+---+---+---+---+---+
|   | * |   |   |   |   | * |   | L |   |
+---+---+---+---+---+---+---+---+---+---+
|   | * |   | * |   |   |   | P |   |   |
+---+---+---+---+---+---+---+---+---+---+
|   | * | * |   |   | * |   | * | S |   |
+---+---+---+---+---+---+---+---+---+---+
|   | * | * | * |   | * |   |   | * |   |
+---+---+---+---+---+---+---+---+---+---+
| * |   | * |   |   | M |   | * |   |   |
+---+---+---+---+---+---+---+---+---+---+
|   | L |   |   | * |   |   |   | * | P |
+---+---+---+---+---+---+---+---+---+---+
|   |   | M |   |   |   |   |   |   | G |
+---+---+---+---+---+---+---+---+---+---+
 
-------------
Numero de monstruos     : 6
Numero de tesoros       : 4
Numero de celdas Pared  : 27
Numero de celdas Libres : 63
-------------
 
-------------
Tipo puertas: 
Puerta Norte 0 8: ENTRADA_SALIDA 
 
Puerta Oeste 9 0: SALIDA 
 
Puerta Sur   9 6: SALIDA 
 
Puerta Este  9 9: SALIDA 
 
-------------
 
Fitness: 0.0675
-----------------------
Numero de monstruos esperados             : 6
Numero de tesoros esperados               : 4
Numero de monstruos recorrido esperados   : 1.0
Numero de tesoros recorrido esperados     : 1.0
Area Segura monstruo esperada             : 7.0
Area Segura tesoro esperada               : 5.0
Seguridad tesoro esperada                 : 2.0
Numero de celdas Pared esperadas          : 30
Numero de celdas Libres esperadas         : 60
----------------------------------------------------
----------------------------------------------------

00 14 3.5275 26.35 19.863214285714285
01 14 3.5275 26.05 19.638214285714287
02 14 3.5275 26.05 19.638214285714287
03 14 3.5275 26.05 19.638214285714287
04 14 3.5275 25.547499999999992 18.443571428571428
05 14 3.5275 24.6 16.95160714285714
06 14 3.5275 23.200000000000003 15.255714285714282
07 14 3.5275 25.1875 15.39767857142857
08 14 3.5275 21.475 13.598392857142855
09 14 3.5275 20.979999999999993 12.919642857142856
10 14 3.5275 26.514999999999993 12.641249999999998
11 14 3.5275 20.099999999999998 11.402142857142854
12 14 3.5275 19.714999999999996 9.519642857142857
13 14 3.5275 19.095 8.39982142857143
14 14 3.5275 12.89 7.803080357142858
15 14 3.5275 12.89 7.806116071428572
16 14 3.5275 22.122499999999995 8.124866071428572
17 14 3.5275 22.122499999999995 8.135580357142858
18 14 3.5275 11.3225 6.825580357142856
19 14 3.5275 26.065625 7.696473214285713
20 14 3.5275 10.70375 6.633124999999999
21 14 3.5275 21.3825 7.395892857142856
22 14 3.5275 19.8525 7.286607142857142
23 14 3.5275 22.507499999999997 7.476249999999999
24 14 3.5275 22.507499999999997 7.476249999999999
25 14 3.5275 11.639375 6.716830357142856
26 14 2.9425000000000003 10.753749999999998 6.095625
27 14 2.9425000000000003 13.134999999999998 6.244107142857142
28 14 2.9425000000000003 9.21 5.830535714285714
29 14 2.9425000000000003 24.641875 6.9328125
30 14 2.9425000000000003 21.722500000000004 7.3812500000000005
31 14 2.04 9.0125 5.728571428571429
32 14 2.04 8.879999999999999 5.33125
33 14 2.04 10.351249999999999 5.556607142857144
34 14 2.04 10.773750000000003 5.2665178571428575
35 14 2.04 11.565000000000001 5.328660714285715
36 14 2.04 8.06875 5.069017857142858
37 14 2.04 11.674999999999999 5.310267857142857
38 14 2.04 7.701249999999999 4.694196428571429
39 14 2.04 7.625 4.369107142857143
40 14 2.04 7.625 4.369107142857143
41 14 2.04 9.337499999999999 4.491428571428571
42 14 0.82 17.9225 4.69375
43 14 0.82 18.955000000000002 4.711607142857142
44 14 0.82 5.44 3.519285714285714
45 14 0.82 5.44 3.519285714285714
46 14 0.82 4.7875 3.0469642857142856
47 14 0.82 12.247500000000002 3.9071428571428575
48 14 0.82 4.2 2.721428571428571
49 14 0.82 20.4275 4.360535714285714
50 14 0.82 10.502499999999998 3.4494642857142854
51 14 0.82 17.5125 3.6226785714285716
52 14 0.82 11.144374999999998 3.1678124999999997
53 14 0.82 3.6774999999999998 2.5691071428571424
54 14 0.82 3.4499999999999997 2.450357142857143
55 14 0.82 24.22 4.690044642857143
56 14 0.82 13.635625000000001 3.1564732142857146
57 14 0.82 9.602500000000001 3.213392857142857
58 14 0.82 9.602500000000001 3.2491071428571425
59 14 0.82 18.8975 3.565714285714286
60 14 0.82 3.225 2.4339285714285714
61 14 0.82 3.0574999999999997 2.410357142857143
62 14 0.4625 2.9475 2.225
63 14 0.4625 3.1374999999999997 2.251785714285714
64 14 0.4625 23.3425 4.363392857142857
65 14 0.4625 23.3425 4.363392857142857
66 14 0.4625 23.3425 4.363392857142857
67 14 0.4625 27.454374999999995 5.462008928571428
68 14 0.4625 23.573749999999997 3.711160714285714
69 14 0.4625 3.815 2.315714285714286
70 14 0.4625 4.03 2.331071428571429
71 14 0.4625 17.489999999999995 4.306964285714286
72 14 0.4625 17.5675 4.319285714285714
73 14 0.4625 3.2 2.248392857142857
74 14 0.4625 3.2 2.248392857142857
75 14 0.4625 19.479999999999997 3.4035714285714285
76 14 0.4625 17.38 3.237321428571428
77 14 0.4625 2.89 2.17
78 14 0.4625 17.8075 3.235535714285714
79 14 0.4625 23.260624999999994 4.950580357142857
80 14 0.4625 23.260624999999994 4.950580357142857
81 14 0.455 21.4275 3.3216071428571428
82 14 0.455 2.8375 1.842857142857143
83 14 0.455 8.85 2.549285714285714
84 14 0.455 8.85 2.549285714285714
85 14 0.455 3.0875000000000004 1.8755357142857143
86 14 0.455 17.38 2.8964285714285714
87 14 0.455 22.415000000000003 3.2560714285714285
88 14 0.455 17.375000000000004 2.9107142857142856
89 14 0.455 6.975 2.167857142857143
90 14 0.455 17.952499999999997 3.230357142857143
91 14 0.455 6.6675 2.2276785714285716
92 14 0.455 6.6675 2.2276785714285716
93 14 0.455 3.915 1.94875
94 14 0.455 2.88 1.7339285714285713
95 14 0.455 19.0725 3.9335714285714283
96 14 0.455 21.919999999999998 4.136964285714285
97 14 0.455 17.3525 2.74625
98 14 0.455 17.3525 2.74625
99 14 0.455 7.0975 2.0137499999999995
100 14 0.455 7.0975 2.0075
101 14 0.455 15.8 2.639821428571429
102 14 0.725 15.584999999999999 2.729821428571429
103 14 0.725 17.3 2.847857142857143
104 14 0.48250000000000004 17.665000000000003 2.7083928571428575
105 14 0.48250000000000004 3.2375000000000007 1.677857142857143
106 14 0.48250000000000004 3.2375000000000007 1.677857142857143
107 14 0.48250000000000004 2.615 1.6101785714285712
108 14 0.48250000000000004 2.8375 1.6260714285714284
109 14 0.48250000000000004 17.375000000000004 2.728392857142857
110 14 0.0675 17.375000000000004 2.595357142857143