
*******************************************************************************************
Iteracion NumIndividuos MejorFitness MejorGenotipo PeorFitness PeorGenotipo MediaFitness 
2017_02_22_19_55_54 -> mutacion 0.10 // 20/40/mon/tes/10/12/4 // 10/02/35/35/08/02/08//


Salgo en la iteracion: 161
Motivo: 1
Mutaciones hechas: 22
Mejor individuo de la poblacion
+---+---+---+---+---+---+---+---+---+---+
|   | * |   | * |   | C |   |   | * | * |
+---+---+---+---+---+---+---+---+---+---+
|   |   |   |   |   | * |   |   | * |   |
+---+---+---+---+---+---+---+---+---+---+
|   | * | S | * |   | * |   | * |   |   |
+---+---+---+---+---+---+---+---+---+---+
| * |   |   |   |   |   |   | * |   | G |
+---+---+---+---+---+---+---+---+---+---+
|   |   |   |   |   |   |   |   |   |   |
+---+---+---+---+---+---+---+---+---+---+
|   | * | * |   | * |   |   |   |   | * |
+---+---+---+---+---+---+---+---+---+---+
|   |   |   |   |   |   |   | * | S | P |
+---+---+---+---+---+---+---+---+---+---+
| G |   |   |   |   | * | M | * |   |   |
+---+---+---+---+---+---+---+---+---+---+
|   |   |   |   | * |   |   | * | C |   |
+---+---+---+---+---+---+---+---+---+---+
| * |   | * | * |   |   |   |   | P | M |
+---+---+---+---+---+---+---+---+---+---+
 
-------------
Numero de monstruos     : 6
Numero de tesoros       : 4
Numero de celdas Pared  : 24
Numero de celdas Libres : 66
-------------
 
-------------
Tipo puertas: 
Puerta Norte 0 7: ENTRADA_SALIDA 
 
Puerta Este  7 9: SALIDA 
 
Puerta Oeste 8 0: SALIDA 
 
Puerta Sur   9 9: SALIDA 
 
-------------
 
Fitness: 0.27
-----------------------
Numero de monstruos esperados             : 6
Numero de tesoros esperados               : 4
Numero de monstruos recorrido esperados   : 1.0
Numero de tesoros recorrido esperados     : 1.0
Area Segura monstruo esperada             : 7.0
Area Segura tesoro esperada               : 8.0
Seguridad tesoro esperada                 : 2.0
Numero de celdas Pared esperadas          : 30
Numero de celdas Libres esperadas         : 60
----------------------------------------------------
----------------------------------------------------


00 13 8.145 21.37 15.280192307692309
01 13 8.145 18.9 14.830192307692307
02 13 8.145 18.04 14.641730769230767
03 13 5.715 18.04 14.45480769230769
04 13 5.715 18.04 14.45480769230769
05 13 5.715 23.215 14.852884615384614
06 13 5.715 17.45 13.942692307692305
07 13 5.715 17.349999999999998 13.209999999999997
08 13 5.715 17.349999999999998 13.209999999999997
09 13 5.715 19.300000000000004 12.737115384615382
10 13 5.715 15.565000000000001 12.327499999999997
11 13 5.715 15.565000000000001 12.327499999999997
12 13 5.715 15.904999999999998 12.353653846153843
13 13 5.715 15.904999999999998 12.353653846153843
14 13 5.715 15.519999999999998 11.765576923076923
15 13 5.715 18.099999999999998 11.96403846153846
16 13 5.715 21.709999999999994 12.241730769230768
17 13 5.715 15.3675 11.49403846153846
18 13 5.715 14.309999999999999 10.785384615384613
19 13 5.715 13.974999999999996 10.610961538461536
20 13 5.715 27.697499999999998 11.666538461538458
21 13 5.715 13.069999999999999 10.31980769230769
22 13 5.715 13.069999999999999 10.31980769230769
23 13 5.715 15.139999999999999 10.615961538461537
24 13 5.715 17.152500000000007 10.770769230769229
25 13 5.715 17.152500000000007 10.770769230769229
26 13 5.715 16.985 10.757884615384615
27 13 5.715 16.995000000000005 10.506923076923075
28 13 5.715 16.995000000000005 10.506923076923075
29 13 5.715 15.519999999999998 10.393461538461537
30 13 5.715 16.705 10.484615384615383
31 13 5.715 12.5425 9.821153846153845
32 13 5.715 12.737499999999994 9.836153846153845
33 13 5.715 15.904999999999998 10.087499999999999
34 13 5.715 12.374999999999998 9.850576923076922
35 13 5.715 12.807499999999997 9.883846153846152
36 13 5.715 12.807499999999997 9.883846153846152
37 13 5.715 12.807499999999997 9.883846153846152
38 13 5.715 12.009999999999998 9.69653846153846
39 13 5.715 12.009999999999998 9.723461538461537
40 13 5.715 12.009999999999998 9.723461538461537
41 13 5.715 11.382499999999999 9.519615384615385
42 13 5.715 16.034999999999997 9.906346153846155
43 13 5.715 14.847499999999998 9.521923076923075
44 13 5.715 14.847499999999998 9.521923076923075
45 13 5.715 11.315000000000001 9.070576923076922
46 13 5.715 11.497499999999999 9.084615384615384
47 13 5.715 13.894999999999998 9.269038461538461
48 13 5.715 16.035000000000004 9.286346153846154
49 13 5.715 12.277499999999998 8.997307692307693
50 13 5.715 12.277499999999998 8.997307692307693
51 13 5.715 12.277499999999998 8.997307692307693
52 13 5.215 12.734999999999998 8.994038461538462
53 13 5.215 16.2575 9.236923076923075
54 13 5.215 12.539999999999997 8.950961538461538
55 13 5.215 24.787499999999994 10.800576923076923
56 13 5.215 21.987500000000004 10.345384615384615
57 13 5.215 21.987500000000004 10.345384615384615
58 13 5.215 18.869999999999997 9.64423076923077
59 13 5.215 15.127499999999998 9.176923076923076
60 13 5.215 13.059999999999999 9.017884615384615
61 13 5.215 18.4875 9.435384615384613
62 13 5.215 27.609999999999996 10.929038461538461
63 13 5.215 27.609999999999996 10.929038461538461
64 13 5.215 10.334999999999999 8.820576923076922
65 13 5.215 14.664999999999997 9.45153846153846
66 13 5.215 14.1225 9.207884615384616
67 13 5.215 14.1225 9.207884615384616
68 13 5.215 16.605000000000004 9.369423076923077
69 13 5.215 17.690000000000005 9.452884615384615
70 13 5.215 11.114999999999997 8.696346153846154
71 13 5.215 9.987499999999999 8.58173076923077
72 13 5.215 20.005000000000003 9.352307692307694
73 13 5.215 17.935 8.920192307692307
74 13 5.215 17.935 8.920192307692307
75 13 5.215 10.874999999999998 8.377115384615385
76 13 5.215 23.345000000000002 9.336346153846154
77 13 5.215 12.584999999999997 8.647692307692308
78 13 5.215 12.584999999999997 8.647692307692308
79 13 5.215 12.584999999999997 8.647692307692308
80 13 5.215 16.085000000000004 8.916923076923078
81 13 5.215 16.64 8.894807692307694
82 13 5.215 19.9925 9.332307692307692
83 13 5.215 15.4475 8.982692307692307
84 13 5.215 15.817500000000003 9.011153846153848
85 13 5.215 12.924999999999997 8.604807692307691
86 13 5.215 10.775 8.439423076923077
87 13 5.215 12.689999999999998 8.491730769230768
88 13 5.215 11.5375 8.403076923076922
89 13 5.205 15.179999999999998 8.363653846153847
90 13 5.205 23.39 9.891153846153847
91 13 5.205 19.135 9.2175
92 13 5.205 24.01 9.493653846153846
93 13 5.205 10.119999999999997 7.962692307692308
94 13 5.205 23.1475 8.964807692307692
95 13 5.205 13.167499999999999 8.231730769230769
96 13 5.205 19.5375 8.72173076923077
97 13 5.205 15.844999999999999 8.43769230769231
98 13 5.205 24.517500000000002 9.104807692307691
99 13 5.205 9.1775 7.740576923076924
100 13 5.205 18.04 8.422307692307694
101 13 5.205 11.389999999999999 7.910769230769231
102 13 5.205 11.389999999999999 7.910769230769231
103 13 5.205 20.114999999999995 8.425192307692308
104 13 5.205 22.860000000000003 8.7225
105 13 5.205 14.409999999999997 8.0725
106 13 5.205 16.0575 8.48076923076923
107 13 5.205 16.655 8.710769230769232
108 13 5.205 16.655 8.745384615384616
109 13 5.205 16.1525 8.25153846153846
110 13 5.205 14.5925 8.206538461538461
111 13 5.205 28.544999999999998 10.360576923076923
112 13 4.965 19.765 8.455576923076922
113 13 4.965 13.147499999999999 8.028076923076922
114 13 3.165 14.889999999999999 7.61826923076923
115 13 3.165 14.34 7.575961538461538
116 13 3.165 18.1325 8.094615384615384
117 13 3.165 18.067500000000003 8.089615384615385
118 13 3.165 18.067500000000003 8.089615384615385
119 13 2.5749999999999993 11.789999999999997 6.897884615384614
120 13 2.3949999999999996 13.319999999999999 6.543653846153846
121 13 2.3949999999999996 16.9025 6.81923076923077
122 13 2.3949999999999996 11.419999999999998 6.55903846153846
123 13 2.3949999999999996 11.419999999999998 6.55903846153846
124 13 2.3949999999999996 9.21 6.052499999999999
125 13 2.3949999999999996 8.374999999999996 5.826730769230768
126 13 2.3949999999999996 13.769999999999998 6.241730769230768
127 13 2.3949999999999996 15.392499999999997 6.36653846153846
128 13 2.3949999999999996 15.392499999999997 6.36653846153846
129 13 2.3949999999999996 15.392499999999997 6.36653846153846
130 13 2.3949999999999996 8.259999999999996 5.459423076923077
131 13 2.3949999999999996 8.259999999999996 5.459423076923077
132 13 2.3949999999999996 8.259999999999996 5.459423076923077
133 13 2.3949999999999996 12.439999999999996 5.780961538461538
134 13 2.3949999999999996 9.402499999999998 5.570384615384615
135 13 2.5749999999999993 9.402499999999998 5.601153846153846
136 13 2.5749999999999993 9.219999999999997 5.587115384615384
137 13 2.5749999999999993 16.047500000000003 6.1123076923076916
138 13 2.5749999999999993 16.047500000000003 6.1123076923076916
139 13 2.5749999999999993 16.047500000000003 6.1123076923076916
140 13 2.5749999999999993 16.047500000000003 6.1123076923076916
141 13 2.5749999999999993 16.047500000000003 6.139230769230768
142 13 2.5749999999999993 11.514999999999997 5.769230769230768
143 13 2.5749999999999993 8.277499999999996 5.317692307692307
144 13 2.5749999999999993 14.809999999999999 5.820192307692308
145 13 2.5749999999999993 14.809999999999999 5.854807692307692
146 13 1.045 7.889999999999999 4.795961538461539
147 13 1.045 11.619999999999997 5.082884615384615
148 13 1.045 7.547499999999999 4.405961538461539
149 13 1.045 6.2749999999999995 4.015769230769231
150 13 1.045 6.2749999999999995 4.015769230769231
151 13 1.045 13.974999999999998 4.608076923076922
152 13 1.045 13.974999999999998 4.608076923076922
153 13 1.045 5.645 3.7734615384615378
154 13 1.045 5.645 3.7734615384615378
155 13 1.045 14.049999999999997 4.42
156 13 1.045 6.499999999999999 3.839230769230769
157 13 1.045 13.399999999999997 4.37
158 13 1.045 13.399999999999997 4.37
159 13 1.045 13.399999999999997 4.37
160 13 0.27 5.205 3.3599999999999994