
*******************************************************************************************
Iteracion NumIndividuos MejorFitness MejorGenotipo PeorFitness PeorGenotipo MediaFitness 
2017_02_22_19_48_28 -> mutacion 0.10 // 20/40/mon/tes/10/12/4 // 10/02/35/35/06/02/10//


Salgo en la iteracion: 1000
Motivo: 2
Mutaciones hechas: 107
Mejor individuo de la poblacion
+---+---+---+---+---+---+---+---+---+---+
|   |   |   |   |   |   | * |   |   | * |
+---+---+---+---+---+---+---+---+---+---+
|   |   | * |   | * | G | * |   | * | C |
+---+---+---+---+---+---+---+---+---+---+
| S | * |   | L |   |   |   |   | * |   |
+---+---+---+---+---+---+---+---+---+---+
|   |   |   | G | * | * | * |   | M |   |
+---+---+---+---+---+---+---+---+---+---+
|   |   |   |   |   | * | * |   | * |   |
+---+---+---+---+---+---+---+---+---+---+
| * |   |   |   | * | * |   | * |   |   |
+---+---+---+---+---+---+---+---+---+---+
|   | S |   | * |   |   | * |   |   |   |
+---+---+---+---+---+---+---+---+---+---+
|   |   |   |   |   |   |   |   |   |   |
+---+---+---+---+---+---+---+---+---+---+
|   | * |   |   |   |   |   | * |   |   |
+---+---+---+---+---+---+---+---+---+---+
|   | * |   |   |   | L | S | * | P | P |
+---+---+---+---+---+---+---+---+---+---+
 
-------------
Numero de monstruos     : 6
Numero de tesoros       : 5
Numero de celdas Pared  : 24
Numero de celdas Libres : 65
-------------
 
-------------
Tipo puertas: 
Puerta Norte 0 3: ENTRADA_SALIDA 
 
Puerta Oeste 8 0: SALIDA 
 
Puerta Sur   9 2: SALIDA 
 
Puerta Este  9 9: SALIDA 
 
-------------
 
Fitness: 0.5175
-----------------------
Numero de monstruos esperados             : 6
Numero de tesoros esperados               : 4
Numero de monstruos recorrido esperados   : 1.0
Numero de tesoros recorrido esperados     : 1.0
Area Segura monstruo esperada             : 7.0
Area Segura tesoro esperada               : 8.0
Seguridad tesoro esperada                 : 2.0
Numero de celdas Pared esperadas          : 30
Numero de celdas Libres esperadas         : 60
----------------------------------------------------
----------------------------------------------------

00 11 6.4375 21.05 15.1075
01 11 6.4375 20.125 15.023409090909091
02 11 6.4375 20.1 13.945681818181818
03 11 6.4375 21.665 14.087954545454545
04 11 6.4375 22.09 14.091363636363639
05 11 6.4375 19.169999999999998 13.825909090909091
06 11 5.263749999999999 18.2375 12.561704545454548
07 11 5.263749999999999 17.6475 12.508068181818185
08 11 5.263749999999999 16.5625 11.033522727272727
09 11 5.263749999999999 20.9375 10.992670454545454
10 11 5.263749999999999 20.9375 10.992670454545454
11 11 5.263749999999999 15.075000000000001 10.033238636363636
12 11 5.263749999999999 12.75 9.060852272727272
13 11 5.263749999999999 19.197499999999998 10.248806818181817
14 11 5.263749999999999 18.235625 9.68181818181818
15 11 5.263749999999999 13.452499999999999 9.096590909090908
16 11 5.263749999999999 13.452499999999999 9.096590909090908
17 11 5.713749999999998 19.245 9.91653409090909
18 11 5.713749999999998 19.245 9.91653409090909
19 11 5.713749999999998 18.597499999999997 10.220624999999998
20 11 5.713749999999998 31.053124999999998 11.214886363636364
21 11 5.713749999999998 22.1325 9.805056818181818
22 11 5.713749999999998 18.52 9.389318181818181
23 11 5.713749999999998 16.259999999999998 9.183863636363636
24 11 5.713749999999998 9.965 8.426136363636362
25 11 5.713749999999998 19.11 9.2575
26 11 5.713749999999998 14.78 9.070113636363637
27 11 5.713749999999998 20.380000000000003 10.098920454545453
28 11 5.713749999999998 9.486875 8.28681818181818
29 11 5.713749999999998 17.689999999999998 9.032556818181817
30 11 5.713749999999998 17.040000000000006 9.676306818181818
31 11 5.713749999999998 10.629375 8.310113636363635
32 11 5.713749999999998 10.629375 8.310113636363635
33 11 5.713749999999998 9.0275 8.077897727272726
34 11 5.713749999999998 21.873749999999998 9.15778409090909
35 11 5.713749999999998 12.423125 8.416306818181816
36 11 5.713749999999998 17.527499999999996 9.467840909090908
37 11 5.713749999999998 15.8575 9.104488636363635
38 11 5.713749999999998 14.183125 8.478352272727271
39 11 5.713749999999998 20.307499999999997 9.035113636363635
40 11 5.713749999999998 8.97 7.754886363636362
41 11 5.71 17.499999999999996 8.261477272727271
42 11 5.71 12.506875 7.807556818181817
43 11 5.71 11.7775 7.845340909090908
44 11 5.71 18.115 8.322840909090907
45 11 5.71 13.389375000000003 8.008920454545454
46 11 5.71 9.965 7.697613636363635
47 11 5.71 10.742499999999998 7.768295454545453
48 11 5.71 10.773749999999998 7.620454545454544
49 11 5.71 13.6 7.877386363636362
50 11 5.71 15.9125 8.053522727272727
51 11 2.8925 8.3125 6.869886363636363
52 11 2.8925 8.269999999999998 6.801477272727272
53 11 2.8925 18.286250000000003 7.949090909090909
54 11 2.8925 12.275 7.202840909090909
55 11 2.8925 24.4775 8.742840909090908
56 11 2.8925 12.985 6.811704545454545
57 11 2.8925 20.256875 8.141704545454546
58 11 2.8925 10.85625 6.411818181818182
59 11 2.8925 9.044999999999998 6.212613636363637
60 11 2.8925 19.111874999999998 6.96278409090909
61 11 2.8925 14.225 6.485340909090909
62 11 2.8925 15.075 6.57284090909091
63 11 2.8925 14.838749999999996 6.797272727272726
64 11 2.8925 13.5475 6.709147727272727
65 11 2.8925 12.689999999999998 6.552897727272727
66 11 2.8925 7.305 5.605795454545454
67 11 2.8925 8.430000000000001 5.716931818181818
68 11 2.8925 6.534999999999999 5.411590909090909
69 11 2.8925 13.159999999999998 6.013863636363637
70 11 2.8925 19.009999999999998 6.95340909090909
71 11 2.8925 10.9 5.633181818181818
72 11 1.6874999999999998 6.204999999999999 4.795681818181818
73 11 1.6874999999999998 20.2875 6.075909090909092
74 11 1.1949999999999998 6.113749999999999 4.340227272727272
75 11 1.1949999999999998 5.8500000000000005 4.146022727272727
76 11 1.1949999999999998 5.8225 3.8896590909090905
77 11 1.1949999999999998 13.8625 4.24875
78 11 1.1949999999999998 5.07125 3.118295454545454
79 11 1.1949999999999998 13.209999999999999 3.8529545454545455
80 11 1.1949999999999998 14.485 3.880909090909091
81 11 1.1949999999999998 13.509999999999998 3.7886363636363627
82 11 1.2949999999999997 13.509999999999998 3.797727272727272
83 11 1.2949999999999997 13.509999999999998 3.797727272727272
84 11 1.2949999999999997 4.6775 2.9947727272727267
85 11 1.2949999999999997 4.132500000000001 2.904772727272727
86 11 1.1999999999999997 16.622499999999995 3.7877272727272713
87 11 1.1999999999999997 16.622499999999995 3.7877272727272713
88 11 1.1999999999999997 4.374999999999999 2.6743181818181814
89 11 1.1999999999999997 12.2225 3.3877272727272723
90 11 1.1999999999999997 13.275 3.4834090909090905
91 11 1.1999999999999997 3.8899999999999992 2.6125
92 11 1.1999999999999997 12.45 3.429772727272727
93 11 1.1999999999999997 14.705 4.554090909090909
94 11 1.1999999999999997 14.7625 4.559318181818181
95 11 1.1999999999999997 14.187500000000002 3.5738636363636362
96 11 1.1999999999999997 14.187500000000002 3.5738636363636362
97 11 1.1999999999999997 4.1875 2.6647727272727266
98 11 1.1999999999999997 4.225000000000001 2.711363636363636
99 11 1.1999999999999997 14.82 3.6111363636363634
100 11 1.1999999999999997 3.7099999999999995 2.5736363636363637
101 11 1.1999999999999997 3.4625 2.4829545454545454
102 11 1.1999999999999997 14.075000000000001 3.347045454545454
103 11 1.2949999999999997 14.075000000000001 3.392954545454545
104 11 1.2949999999999997 16.705 3.5529545454545453
105 11 1.2949999999999997 3.0299999999999994 2.2686363636363627
106 11 1.2949999999999997 2.8925 2.148863636363636
107 11 1.2949999999999997 2.7125000000000004 2.0772727272727267
108 11 1.2949999999999997 4.952500000000001 2.2809090909090908
109 11 1.2949999999999997 3.8375 2.1795454545454542
110 11 1.2949999999999997 4.65 2.1581818181818178
111 11 1.2949999999999997 13.8625 3.441363636363636
112 11 1.2949999999999997 16.310000000000002 3.3765909090909094
113 11 1.2949999999999997 16.310000000000002 3.3765909090909094
114 11 1.2949999999999997 5.5375000000000005 2.397272727272727
115 11 1.2949999999999997 5.5375000000000005 2.397272727272727
116 11 1.2949999999999997 3.8224999999999993 2.1281818181818175
117 11 1.2949999999999997 15.395000000000001 3.5002272727272725
118 11 1.2949999999999997 15.395000000000001 3.5002272727272725
119 11 1.2949999999999997 15.395000000000001 3.5002272727272725
120 11 1.2949999999999997 6.245000000000001 2.2793181818181814
121 11 1.2949999999999997 3.1874999999999996 2.001363636363636
122 11 1.2949999999999997 13.937499999999998 4.0259090909090895
123 11 1.2949999999999997 13.875 2.9213636363636355
124 11 1.2949999999999997 13.912500000000001 2.9247727272727273
125 11 1.2949999999999997 3.6624999999999996 1.992954545454545
126 11 1.2949999999999997 3.6624999999999996 1.992954545454545
127 11 1.2949999999999997 13.8625 2.914318181818182
128 11 1.2949999999999997 3.2624999999999997 1.9506818181818182
129 11 1.2949999999999997 4.1875 2.0168181818181816
130 11 1.2949999999999997 7.7175 2.337727272727273
131 11 1.2949999999999997 4.1975 2.0177272727272726
132 11 1.2949999999999997 17.5425 3.23090909090909
133 11 1.2949999999999997 3.6774999999999993 2.0113636363636362
134 11 1.2949999999999997 12.6025 2.936363636363636
135 11 1.2949999999999997 3.7375 2.1143181818181813
136 11 1.2949999999999997 14.1425 2.8895454545454538
137 11 1.2949999999999997 14.474999999999998 2.9197727272727265
138 11 1.2949999999999997 3.8649999999999993 1.9552272727272724
139 11 1.2949999999999997 4.442500000000001 2.0077272727272724
140 11 1.2949999999999997 13.6075 2.955227272727272
141 11 1.2949999999999997 4.465000000000001 1.9970454545454543
142 11 1.2949999999999997 4.055000000000001 2.1004545454545456
143 11 1.2949999999999997 4.055000000000001 2.1004545454545456
144 11 1.2849999999999997 4.622500000000001 1.915681818181818
145 11 1.2849999999999997 4.622500000000001 1.915681818181818
146 11 1.2849999999999997 3.4775 1.811590909090909
147 11 1.2849999999999997 12.250000000000002 2.7086363636363635
148 11 1.2849999999999997 3.1825 1.7456818181818183
149 11 1.2374999999999996 3.8249999999999997 1.737954545454545
150 11 1.2374999999999996 14.522499999999999 2.710454545454545
151 11 1.2374999999999996 3.5125 1.709545454545455
152 11 1.2374999999999996 13.56 3.6218181818181816
153 11 1.2374999999999996 13.609999999999998 3.6263636363636356
154 11 1.2849999999999997 4.1675 1.9359090909090908
155 11 1.2849999999999997 3.3575 1.8622727272727269
156 11 1.2849999999999997 3.3575 1.8622727272727269
157 11 1.2849999999999997 11.9475 2.6431818181818176
158 11 1.2849999999999997 12.3875 2.6831818181818177
159 11 1.2849999999999997 11.63 2.6143181818181813
160 11 1.2849999999999997 12.9375 2.7331818181818175
161 11 1.2849999999999997 15.065 2.926590909090909
162 11 1.2849999999999997 12.8375 2.7240909090909082
163 11 1.2849999999999997 3.3474999999999997 1.7309090909090907
164 11 1.2849999999999997 6.967500000000001 2.06
165 11 1.2849999999999997 1.9375 1.6070454545454544
166 11 1.2849999999999997 14.865 2.7822727272727272
167 11 1.2849999999999997 3.61 1.7590909090909093
168 11 1.2849999999999997 3.61 1.7590909090909093
169 11 1.2849999999999997 14.000000000000002 2.850454545454546
170 11 1.2849999999999997 13.15 2.7688636363636365
171 11 1.2849999999999997 13.172500000000001 2.611590909090909
172 11 1.2849999999999997 13.5 2.641363636363636
173 11 1.2849999999999997 13.61 3.0711363636363633
174 11 1.2849999999999997 6.332500000000001 2.1847727272727266
175 11 1.2849999999999997 13.3525 2.822954545454545
176 11 1.2849999999999997 13.3525 2.822954545454545
177 11 1.2849999999999997 3.8599999999999994 1.9484090909090903
178 11 1.2849999999999997 3.8599999999999994 1.9484090909090903
179 11 1.2849999999999997 3.8599999999999994 1.9484090909090903
180 11 1.2849999999999997 3.8599999999999994 1.9484090909090903
181 11 1.2849999999999997 14.645 3.271136363636363
182 11 1.2849999999999997 7.4975000000000005 2.2274999999999996
183 11 1.2849999999999997 13.184999999999999 2.598636363636363
184 11 1.2849999999999997 13.184999999999999 2.598636363636363
185 11 1.2849999999999997 2.6049999999999995 1.6368181818181815
186 11 1.2849999999999997 14.784999999999998 2.884772727272727
187 11 1.2849999999999997 13.884999999999998 2.7584090909090904
188 11 1.2849999999999997 16.720000000000002 3.0161363636363636
189 11 1.2849999999999997 14.355 3.7447727272727276
190 11 1.2849999999999997 14.472500000000002 3.755454545454546
191 11 1.2849999999999997 13.5 3.6670454545454545
192 11 1.0425 1.7049999999999998 1.4677272727272723
193 11 1.0425 4.445 1.7168181818181816
194 11 1.0425 4.395 1.712272727272727
195 11 1.0425 3.2624999999999997 1.6029545454545455
196 11 1.0425 3.2624999999999997 1.6029545454545455
197 11 1.0425 1.6574999999999998 1.4031818181818183
198 11 1.0425 1.6574999999999998 1.4031818181818183
199 11 1.0425 1.6349999999999998 1.3909090909090909
200 11 1.0425 3.1925 1.49
201 11 1.0425 3.1099999999999994 1.4825000000000002
202 11 0.8775000000000001 3.6625 1.5156818181818184
203 11 0.8775000000000001 2.9625000000000004 1.4170454545454545
204 11 0.8775000000000001 12.975 2.2859090909090907
205 11 0.8775000000000001 13.194999999999999 2.3059090909090907
206 11 0.8775000000000001 13.194999999999999 2.3059090909090907
207 11 0.8775000000000001 5.1475 1.574318181818182
208 11 0.8775000000000001 14.192499999999999 2.541590909090909
209 11 0.8775000000000001 14.355 2.565
210 11 0.8775000000000001 3.4899999999999993 1.5772727272727274
211 11 0.8775000000000001 4.147500000000001 1.637045454545455
212 11 0.8775000000000001 4.38 1.6581818181818184
213 11 0.8775000000000001 3.3724999999999996 1.5665909090909091
214 11 0.8775000000000001 3.3724999999999996 1.5665909090909091
215 11 0.8775000000000001 3.175 1.3670454545454545
216 11 0.8775000000000001 13.042499999999999 2.2295454545454545
217 11 0.8775000000000001 3.6374999999999997 1.5122727272727274
218 11 0.8775000000000001 13.292499999999999 2.277727272727273
219 11 0.8775000000000001 3.1950000000000003 1.3597727272727271
220 11 0.8775000000000001 3.142499999999999 1.4854545454545454
221 11 0.8775000000000001 12.987499999999999 2.4129545454545456
222 11 0.8775000000000001 13.2325 2.320227272727273
223 11 0.8775000000000001 7.1625000000000005 1.7650000000000003
224 11 0.8775000000000001 13.184999999999999 2.503409090909091
225 11 0.8775000000000001 14.049999999999999 2.5820454545454545
226 11 0.8775000000000001 4.072500000000001 1.550227272727273
227 11 0.8775000000000001 3.0299999999999994 1.4361363636363635
228 11 0.8775000000000001 4.0625 1.5300000000000002
229 11 0.8775000000000001 13.147499999999999 2.355909090909091
230 11 0.8775000000000001 13.147499999999999 2.355909090909091
231 11 0.8775000000000001 5.8500000000000005 1.7161363636363638
232 11 0.8775000000000001 3.1875000000000004 1.4740909090909091
233 11 0.8775000000000001 14.444999999999999 2.514545454545454
234 11 0.8775000000000001 14.444999999999999 2.514545454545454
235 11 0.8775000000000001 3.2924999999999995 1.4868181818181818
236 11 0.8775000000000001 4.2175 1.5615909090909093
237 11 0.8775000000000001 1.2849999999999997 1.085
238 11 0.8775000000000001 1.2849999999999997 1.085
239 11 0.8775000000000001 14.575 2.293181818181818
240 11 0.8775000000000001 1.1775 1.054090909090909
241 11 0.8775000000000001 1.1775 1.054090909090909
242 11 0.8775000000000001 2.8799999999999994 1.2088636363636363
243 11 0.8775000000000001 2.83 1.2043181818181816
244 11 0.8775000000000001 1.1399999999999997 1.0384090909090908
245 11 0.8775000000000001 3.0024999999999995 1.2077272727272728
246 11 0.8775000000000001 3.0024999999999995 1.2077272727272728
247 11 0.8775000000000001 3.1775 1.2086363636363635
248 11 0.8775000000000001 3.0300000000000002 1.1952272727272728
249 11 0.8775000000000001 12.997499999999999 2.101363636363636
250 11 0.8775000000000001 12.969999999999999 2.2518181818181815
251 11 0.8775000000000001 2.7750000000000004 1.1649999999999998
252 11 0.8775000000000001 6.0874999999999995 1.6452272727272728
253 11 0.8775000000000001 3.0524999999999993 1.365
254 11 0.8775000000000001 3.145 1.3734090909090908
255 11 0.8775000000000001 3.0375 1.3636363636363635
256 11 0.8775000000000001 3.005 1.1909090909090911
257 11 0.8775000000000001 4.075 1.5379545454545456
258 11 0.8775000000000001 4.075 1.5379545454545456
259 11 0.8775000000000001 12.829999999999998 2.249090909090909
260 11 0.8775000000000001 2.9525 1.2515909090909092
261 11 0.8775000000000001 12.997499999999999 2.283181818181818
262 11 0.8075 2.8725 1.1488636363636362
263 11 0.8075 4.005 1.4118181818181819
264 11 0.8075 2.8275 1.1402272727272729
265 11 0.8075 2.8474999999999997 1.1420454545454546
266 11 0.8075 2.8175 1.1393181818181817
267 11 0.8075 2.8175 1.1393181818181817
268 11 0.8075 1.515 1.0209090909090908
269 11 0.8075 1.515 1.0209090909090908
270 11 0.8075 2.9100000000000006 1.1477272727272727
271 11 0.8075 3.5424999999999995 1.2052272727272728
272 11 0.8075 12.929999999999998 2.0586363636363636
273 11 0.8075 1.0524999999999998 0.9643181818181819
274 11 0.8075 3.8975 1.2229545454545454
275 11 0.8075 13.929999999999998 2.1168181818181817
276 11 0.8075 13.929999999999998 2.1168181818181817
277 11 0.8075 2.9225000000000003 1.2852272727272727
278 11 0.8075 5.265 1.3099999999999996
279 11 0.8075 3.0025000000000004 1.2772727272727271
280 11 0.8075 3.0124999999999997 1.108409090909091
281 11 0.8075 3.1475000000000004 1.1272727272727272
282 11 0.8075 3.1475000000000004 1.1272727272727272
283 11 0.8075 3.1900000000000004 1.1079545454545452
284 11 0.8075 13.19 2.0363636363636366
285 11 0.8075 3.9624999999999995 1.1974999999999998
286 11 0.8075 12.819999999999999 2.002727272727273
287 11 0.8075 12.907499999999999 2.0106818181818187
288 11 0.8075 1.2174999999999998 0.9274999999999998
289 11 0.8075 12.809999999999999 1.9813636363636364
290 11 0.8075 12.7875 1.979318181818182
291 11 0.8075 12.7875 1.979318181818182
292 11 0.8075 2.9349999999999996 1.1774999999999998
293 11 0.8075 2.0300000000000002 0.9918181818181817
294 11 0.8075 12.979999999999999 2.1588636363636367
295 11 0.8075 3.2174999999999994 1.271363636363636
296 11 0.8075 2.8799999999999994 1.0568181818181817
297 11 0.8075 3.1374999999999997 1.1034090909090908
298 11 0.8075 6.300000000000001 1.5393181818181818
299 11 0.8075 16.935 2.6070454545454544
300 11 0.8075 3.9075 1.3395454545454544
301 11 0.8075 2.9924999999999997 1.061363636363636
302 11 0.8075 4.0024999999999995 1.1511363636363634
303 11 0.8075 5.9375 1.328181818181818
304 11 0.8075 2.8875 1.0509090909090908
305 11 0.8075 2.8875 1.0918181818181816
306 11 0.8075 3.93 1.1865909090909088
307 11 0.8075 13.919999999999998 2.235
308 11 0.8075 12.854999999999999 2.1381818181818186
309 11 0.8075 2.9724999999999993 1.239772727272727
310 11 0.8075 2.86 1.0461363636363634
311 11 0.8075 3.1574999999999998 1.0729545454545453
312 11 0.8075 7.8500000000000005 1.4995454545454547
313 11 0.8075 4.235 1.363181818181818
314 11 0.8075 2.97 1.0652272727272727
315 11 0.8075 2.97 1.0652272727272727
316 11 0.8075 2.83 1.0525
317 11 0.8075 3.0275000000000003 1.275
318 11 0.8075 3.9549999999999996 1.376363636363636
319 11 0.8075 4.080000000000001 1.3695454545454544
320 11 0.8075 3.0075000000000003 1.2720454545454543
321 11 0.8075 4.4 1.4020454545454546
322 11 0.8075 2.8549999999999995 1.076590909090909
323 11 0.8075 2.9200000000000004 1.0825
324 11 0.8075 2.9200000000000004 1.0825
325 11 0.8075 12.7875 1.9795454545454547
326 11 0.8075 12.7875 2.0113636363636362
327 11 0.8075 1.2574999999999998 0.9411363636363635
328 11 0.8075 2.92 1.092272727272727
329 11 0.8075 2.8075 1.0820454545454543
330 11 0.8075 2.8425 1.0852272727272725
331 11 0.8075 2.9200000000000004 1.092272727272727
332 11 0.8075 2.8424999999999994 1.0852272727272725
333 11 0.8075 3.1200000000000006 1.0745454545454547
334 11 0.8075 2.9350000000000005 1.1409090909090909
335 11 0.8075 14.004999999999999 2.2306818181818184
336 11 0.8075 3.0424999999999995 1.2340909090909091
337 11 0.8075 12.8425 2.131590909090909
338 11 0.8075 14.004999999999999 2.2372727272727273
339 11 0.8075 3.04 1.2404545454545455
340 11 0.8075 2.9200000000000004 1.2202272727272727
341 11 0.8075 2.8175 1.2102272727272727
342 11 0.8075 4.02 1.3195454545454546
343 11 0.8075 6.147500000000002 1.5129545454545457
344 11 0.8075 2.8425 1.2125000000000001
345 11 0.8075 4.2 1.335909090909091
346 11 0.8075 2.81 1.166818181818182
347 11 0.8075 2.81 1.166818181818182
348 11 0.8075 2.8274999999999997 1.168409090909091
349 11 0.8075 4.135000000000001 1.170227272727273
350 11 0.8075 2.8275 1.0513636363636365
351 11 0.8075 2.9200000000000004 1.0597727272727273
352 11 0.8075 12.9775 2.1586363636363632
353 11 0.8075 2.8425 1.0370454545454546
354 11 0.8075 2.8724999999999996 1.0397727272727273
355 11 0.8075 2.83 1.0359090909090911
356 11 0.8075 2.8850000000000002 1.040909090909091
357 11 0.8075 2.075 0.9672727272727273
358 11 0.8075 3.0825 1.0588636363636363
359 11 0.8075 2.9800000000000004 1.0495454545454548
360 11 0.8075 0.9075 0.8597727272727274
361 11 0.8075 3.9499999999999997 1.1363636363636362
362 11 0.8075 12.829999999999998 1.9436363636363636
363 11 0.8075 12.829999999999998 1.9436363636363636
364 11 0.8075 12.829999999999998 1.9849999999999997
365 11 0.8075 14.184999999999999 2.108181818181818
366 11 0.8075 4.235 1.2036363636363636
367 11 0.8075 7.050000000000001 1.4595454545454545
368 11 0.8075 7.050000000000001 1.4981818181818178
369 11 0.8075 11.275 1.8945454545454545
370 11 0.8075 4.080000000000001 1.2404545454545455
371 11 0.8075 3.255 1.1654545454545455
372 11 0.8075 3.9099999999999997 1.2249999999999999
373 11 0.8075 3.9999999999999996 1.3365909090909087
374 11 0.8075 7.0875 1.6172727272727272
375 11 0.8075 12.7975 2.1325
376 11 0.8075 2.9675000000000002 1.2388636363636365
377 11 0.8075 2.0225000000000004 0.9711363636363637
378 11 0.8075 13.884999999999998 2.2309090909090905
379 11 0.8075 2.9725 1.1420454545454544
380 11 0.8075 3.25 1.084090909090909
381 11 0.8075 3.25 1.084090909090909
382 11 0.8075 1.2825 0.9127272727272726
383 11 0.8075 12.8225 1.9618181818181817
384 11 0.8075 0.9924999999999999 0.8856818181818181
385 11 0.8075 2.8175 1.051590909090909
386 11 0.8075 2.8424999999999994 1.0499999999999998
387 11 0.8075 2.8424999999999994 1.0499999999999998
388 11 0.8075 4.005 1.3263636363636364
389 11 0.8075 1.7249999999999999 0.9615909090909089
390 11 0.8075 14.065 2.242954545454545
391 11 0.8075 2.995 1.236590909090909
392 11 0.8075 2.9525 1.0579545454545454
393 11 0.8075 13.0175 2.5309090909090908
394 11 0.8075 7.157500000000001 1.6231818181818183
395 11 0.8075 4.055000000000001 1.3318181818181818
396 11 0.8075 4.055000000000001 1.3318181818181818
397 11 0.8075 12.979999999999999 2.1431818181818176
398 11 0.8075 12.809999999999999 2.145
399 11 0.8075 2.8425 1.216590909090909
400 11 0.8075 2.8425 1.216590909090909
401 11 0.8075 2.7750000000000004 1.0347727272727274
402 11 0.8075 2.7750000000000004 1.0347727272727274
403 11 0.8075 12.939999999999998 2.1318181818181814
404 11 0.8075 2.9175 1.0545454545454545
405 11 0.8075 0.99 0.8640909090909091
406 11 0.8075 3.0849999999999995 1.063409090909091
407 11 0.8075 3.0849999999999995 1.063409090909091
408 11 0.8075 3.0849999999999995 1.063409090909091
409 11 0.8075 3.0849999999999995 1.063409090909091
410 11 0.8075 3.9675000000000002 1.1754545454545455
411 11 0.8075 4.050000000000001 1.4277272727272727
412 11 0.8075 3.8650000000000007 1.3256818181818182
413 11 0.8075 2.9274999999999993 1.2331818181818182
414 11 0.8075 12.919999999999998 2.1545454545454543
415 11 0.8075 2.99 1.0627272727272727
416 11 0.8075 2.99 1.0627272727272727
417 11 0.8075 2.9074999999999998 1.0552272727272727
418 11 0.8075 2.965 1.1418181818181816
419 11 0.8075 12.9675 2.151590909090909
420 11 0.8075 2.9899999999999998 1.0525
421 11 0.8075 2.9950000000000006 1.0620454545454545
422 11 0.8075 12.919999999999998 2.2502272727272725
423 11 0.8075 12.919999999999998 2.2502272727272725
424 11 0.8075 2.86 1.223409090909091
425 11 0.8075 2.9225000000000003 1.0620454545454545
426 11 0.8075 2.977499999999999 1.2731818181818182
427 11 0.8075 12.952499999999999 2.2840909090909087
428 11 0.8075 3.9549999999999996 1.4068181818181815
429 11 0.8075 3.9549999999999996 1.4068181818181815
430 11 0.8075 7.07 1.5152272727272724
431 11 0.8075 12.774999999999999 2.066818181818182
432 11 0.8075 1.66 1.0252272727272727
433 11 0.8075 3.0075000000000003 1.1477272727272725
434 11 0.8075 2.885 1.136590909090909
435 11 0.8075 2.8175 1.1304545454545454
436 11 0.8075 2.9174999999999995 1.1395454545454544
437 11 0.8075 3.455 1.153181818181818
438 11 0.8075 2.8874999999999993 1.1015909090909088
439 11 0.8075 2.8874999999999993 1.1015909090909088
440 11 0.8075 12.939999999999998 2.1527272727272724
441 11 0.8075 12.9925 1.9840909090909091
442 11 0.8075 2.9450000000000003 1.0702272727272726
443 11 0.8075 2.9450000000000003 1.0702272727272726
444 11 0.8075 12.8925 2.1565909090909092
445 11 0.8075 2.99 1.0718181818181818
446 11 0.8075 3.37 1.3063636363636364
447 11 0.8075 2.9600000000000004 1.164090909090909
448 11 0.8075 2.8974999999999995 1.1584090909090907
449 11 0.8075 2.005 0.9809090909090908
450 11 0.8225 0.945 0.8825
451 11 0.8225 0.945 0.8825
452 11 0.8225 6.960000000000001 1.429318181818182
453 11 0.8225 6.960000000000001 1.429318181818182
454 11 0.8225 6.960000000000001 1.429318181818182
455 11 0.8225 5.9 1.5261363636363638
456 11 0.8225 13.2975 2.0402272727272726
457 11 0.8225 4.4 1.2313636363636362
458 11 0.8225 3.2375 1.2952272727272727
459 11 0.8225 3.88 1.1786363636363635
460 11 0.8225 3.88 1.1786363636363635
461 11 0.8225 3.0275 1.246590909090909
462 11 0.8225 3.0275 1.246590909090909
463 11 0.8225 3.9525000000000006 1.3306818181818183
464 11 0.8225 2.8674999999999997 1.2275
465 11 0.8225 2.8175 1.0884090909090907
466 11 0.8225 2.8175 1.0884090909090907
467 11 0.8225 2.8425 1.0593181818181818
468 11 0.8225 2.8875 1.063409090909091
469 11 0.8225 2.855 1.0613636363636363
470 11 0.8225 12.907499999999999 2.013863636363636
471 11 0.8225 1.3174999999999997 0.9654545454545453
472 11 0.8225 6.0575 1.3963636363636363
473 11 0.8225 6.0575 1.3963636363636363
474 11 0.8225 2.8925 1.1086363636363636
475 11 0.8225 13.049999999999999 2.0320454545454543
476 11 0.8225 3.3024999999999993 1.145909090909091
477 11 0.8225 2.8175 1.1018181818181818
478 11 0.8225 1.2474999999999998 0.9356818181818182
479 11 0.8225 1.2474999999999998 0.9356818181818182
480 11 0.8225 1.07 0.9195454545454546
481 11 0.8225 2.9974999999999996 1.0947727272727272
482 11 0.8225 2.9175 1.0875000000000001
483 11 0.8225 12.919999999999998 3.080909090909091
484 11 0.8225 12.919999999999998 2.2759090909090904
485 11 0.8225 4.065 1.4184090909090912
486 11 0.8225 4.065 1.4184090909090912
487 11 0.8225 1.0824999999999998 0.9118181818181817
488 11 0.8225 3.8850000000000002 1.1554545454545455
489 11 0.8225 2.9675000000000002 1.2472727272727273
490 11 0.8225 3.29 1.276590909090909
491 11 0.8225 12.854999999999999 2.1461363636363635
492 11 0.8225 2.905 1.239090909090909
493 11 0.8425 13.032499999999999 2.192727272727273
494 11 0.8425 2.9325 1.2745454545454544
495 11 0.8425 2.2600000000000002 1.06
496 11 0.8425 10.774999999999999 1.8749999999999998
497 11 0.8425 3.0275 1.1706818181818184
498 11 0.8425 12.919999999999998 2.07
499 11 0.8425 4.050000000000001 1.4022727272727271
500 11 0.8425 4.050000000000001 1.4022727272727271
501 11 0.8425 3.3149999999999995 1.3354545454545454
502 11 0.8425 3.2375 1.1806818181818182
503 11 0.8425 13.169999999999998 2.105
504 11 0.8425 13.169999999999998 2.105
505 11 0.8425 4.175000000000001 1.4254545454545455
506 11 0.8425 4.175000000000001 1.4254545454545455
507 11 0.8425 2.9475 1.1654545454545455
508 11 0.8425 1.3824999999999998 1.0231818181818182
509 11 0.8425 1.3824999999999998 1.0231818181818182
510 11 0.8425 13.289999999999997 2.105681818181818
511 11 0.8425 1.3149999999999997 0.9829545454545454
512 11 0.8425 2.81 1.1188636363636364
513 11 0.8425 12.829999999999998 2.3034090909090903
514 11 0.8425 12.829999999999998 2.3034090909090903
515 11 0.8425 12.829999999999998 2.3352272727272725
516 11 0.8425 2.8175 1.1347727272727273
517 11 0.8425 2.8175 1.1347727272727273
518 11 0.8425 2.8175 1.1347727272727273
519 11 0.8425 2.8175 1.1347727272727273
520 11 0.8425 1.2899999999999998 0.9881818181818182
521 11 0.8425 12.979999999999999 2.0509090909090903
522 11 0.8425 2.8175 1.1270454545454547
523 11 0.8425 2.8175 1.1270454545454547
524 11 0.8425 12.8425 2.194090909090909
525 11 0.8425 13.884999999999998 2.288863636363636
526 11 0.8425 13.884999999999998 2.288863636363636
527 11 0.8425 6.970000000000001 1.6965909090909088
528 11 0.8425 5.8825 1.5977272727272727
529 11 0.8425 3.2674999999999996 1.3906818181818184
530 11 0.8425 12.917499999999999 2.267954545454545
531 11 0.8425 3.1799999999999997 1.3620454545454548
532 11 0.8425 3.1799999999999997 1.3620454545454548
533 11 0.8425 13.2825 2.285681818181818
534 11 0.8425 3.0100000000000002 1.2002272727272727
535 11 0.8425 7.07 1.8404545454545456
536 11 0.8425 4.325 1.5556818181818182
537 11 0.8425 5.702500000000001 1.7122727272727274
538 11 0.8425 5.702500000000001 1.7122727272727274
539 11 0.8425 4.282500000000001 1.3090909090909093
540 11 0.8425 12.854999999999999 2.120227272727272
541 11 0.8425 12.939999999999998 2.127954545454545
542 11 0.8425 12.809999999999999 2.1161363636363633
543 11 0.8425 1.5349999999999997 1.054318181818182
544 11 0.8425 1.3424999999999998 0.9918181818181818
545 11 0.8425 3.2674999999999996 1.166818181818182
546 11 0.8425 1.93 1.0452272727272727
547 11 0.8425 4.325000000000001 1.2425000000000004
548 11 0.8425 2.3425000000000002 1.0668181818181819
549 11 0.8425 3.1674999999999995 1.141818181818182
550 11 0.8425 4.0 1.2175000000000002
551 11 0.8425 2.9450000000000003 1.1215909090909093
552 11 0.8425 4.885000000000001 1.5547727272727272
553 11 0.8425 2.9200000000000004 1.0897727272727276
554 11 0.8425 4.055 1.1929545454545456
555 11 0.8425 4.055 1.1929545454545456
556 11 0.8425 12.835 2.878863636363636
557 11 0.8425 16.899999999999995 3.2484090909090906
558 11 0.8425 10.8075 1.9799999999999998
559 11 0.8425 10.8075 2.0118181818181813
560 11 0.8425 2.9475 1.1059090909090907
561 11 0.8425 1.3574999999999997 0.9168181818181818
562 11 0.8425 2.8925 1.2297727272727275
563 11 0.8425 2.8925 1.2297727272727275
564 11 0.8425 3.0524999999999993 1.2443181818181819
565 11 0.8425 2.8175 1.0665909090909091
566 11 0.8425 2.88 1.0722727272727273
567 11 0.8425 1.9349999999999998 0.9631818181818183
568 11 0.8425 7.040000000000001 1.4272727272727275
569 11 0.8425 12.8075 1.951590909090909
570 11 0.8425 2.8950000000000005 1.2286363636363637
571 11 0.8425 2.8674999999999993 1.0568181818181819
572 11 0.8425 2.8674999999999993 1.0568181818181819
573 11 0.8425 13.242499999999998 2.1859090909090906
574 11 0.8425 13.242499999999998 2.1859090909090906
575 11 0.8425 2.8674999999999993 1.0454545454545456
576 11 0.8425 2.9225 1.0504545454545455
577 11 0.8425 1.2924999999999998 0.9011363636363637
578 11 0.8425 2.8775 1.0452272727272727
579 11 0.8425 5.975 1.5029545454545454
580 11 0.8425 13.884999999999998 2.222045454545454
581 11 0.8425 13.884999999999998 2.222045454545454
582 11 0.8425 13.884999999999998 2.222045454545454
583 11 0.8425 2.835 1.0538636363636364
584 11 0.8425 2.81 1.0515909090909092
585 11 0.8425 13.279999999999998 2.1627272727272726
586 11 0.8425 2.855 1.2138636363636364
587 11 0.8425 2.9950000000000006 1.2350000000000003
588 11 0.8425 12.9525 2.1402272727272726
589 11 0.8425 3.3174999999999994 1.268409090909091
590 11 0.8425 2.9124999999999996 1.2302272727272727
591 11 0.8425 2.9699999999999998 1.2354545454545454
592 11 0.8425 2.9699999999999998 1.2354545454545454
593 11 0.8425 2.9299999999999993 1.0725
594 11 0.8425 2.9174999999999995 1.226590909090909
595 11 0.8425 2.9175 1.0690909090909093
596 11 0.8425 3.8975 1.1581818181818182
597 11 0.8425 2.8275 1.060909090909091
598 11 0.8425 2.8275 1.060909090909091
599 11 0.8425 3.8850000000000002 1.3125
600 11 0.8425 4.080000000000001 1.1545454545454545
601 11 0.8425 2.9100000000000006 1.0481818181818183
602 11 0.8425 4.055000000000001 1.1631818181818183
603 11 0.8425 4.055000000000001 1.1631818181818183
604 11 0.8425 2.9400000000000004 1.061818181818182
605 11 0.8425 2.8575 1.054318181818182
606 11 0.835 1.0174999999999998 0.8704545454545456
607 11 0.835 1.0174999999999998 0.8795454545454547
608 11 0.835 2.9050000000000002 1.0511363636363638
609 11 0.835 1.8849999999999998 0.9575
610 11 0.835 2.9675000000000002 1.055909090909091
611 11 0.835 4.1000000000000005 1.1588636363636364
612 11 0.835 2.9375 1.0531818181818182
613 11 0.835 2.9899999999999998 1.0943181818181817
614 11 0.835 2.9700000000000006 1.0925
615 11 0.835 2.005 0.9677272727272729
616 11 0.835 1.2974999999999999 0.9077272727272728
617 11 0.835 12.939999999999998 1.9752272727272724
618 11 0.835 12.939999999999998 1.9752272727272724
619 11 0.835 12.939999999999998 1.9752272727272724
620 11 0.835 12.939999999999998 1.9752272727272724
621 11 0.835 12.9525 2.1495454545454544
622 11 0.835 2.8550000000000004 1.2725000000000002
623 11 0.835 12.9675 2.01
624 11 0.835 5.235 1.4554545454545456
625 11 0.835 3.037499999999999 1.2556818181818183
626 11 0.835 2.9924999999999997 1.0631818181818184
627 11 0.835 2.9925 1.0631818181818184
628 11 0.835 12.919999999999998 1.9777272727272723
629 11 0.835 2.8450000000000006 1.2336363636363639
630 11 0.835 12.9775 2.174545454545454
631 11 0.835 12.9775 2.174545454545454
632 11 0.8425 3.0324999999999998 1.2870454545454546
633 11 0.8425 2.8424999999999994 1.0947727272727272
634 11 0.8425 4.1450000000000005 1.2131818181818184
635 11 0.8425 2.8425 1.2386363636363635
636 11 0.8425 2.9924999999999997 1.3125000000000002
637 11 0.8425 4.115 1.2361363636363638
638 11 0.8425 3.8850000000000002 1.1522727272727276
639 11 0.8425 3.8850000000000002 1.1522727272727276
640 11 0.8425 4.0425 1.1665909090909095
641 11 0.8425 3.3125 1.100227272727273
642 11 0.8425 3.3125 1.100227272727273
643 11 0.8425 2.9299999999999997 1.0654545454545457
644 11 0.8425 2.9299999999999997 1.0654545454545457
645 11 0.8425 2.9624999999999995 1.2456818181818183
646 11 0.8425 2.8924999999999996 1.2336363636363639
647 11 0.8425 2.83 1.2279545454545457
648 11 0.8425 12.854999999999999 2.1393181818181812
649 11 0.8425 2.9825 1.241818181818182
650 11 0.8425 2.83 1.0477272727272728
651 11 0.8425 2.83 1.0450000000000002
652 11 0.8425 2.9100000000000006 1.0522727272727275
653 10 0.8425 2.8674999999999997 1.1955000000000002
654 10 0.8425 2.9924999999999997 1.2812500000000002
655 10 0.8425 2.9225000000000003 1.0712500000000003
656 10 0.8425 2.9225000000000003 1.0712500000000003
657 10 0.8425 2.9225000000000003 1.0712500000000003
658 10 0.8425 3.0075000000000003 1.2877500000000002
659 10 0.8425 2.9675000000000002 1.27125
660 10 0.8425 12.9125 2.06825
661 10 0.8425 1.045 0.8815
662 10 0.8425 1.045 0.8815
663 10 0.8425 2.8674999999999997 1.0637500000000002
664 10 0.8425 2.1924999999999994 0.9962500000000002
665 10 0.8425 4.17 1.4070000000000003
666 10 0.8425 12.965 2.0947500000000003
667 10 0.8425 12.965 2.0947500000000003
668 10 0.8425 6.9 1.48825
669 10 0.8425 6.9 1.48825
670 10 0.8425 16.057499999999997 2.68775
671 10 0.8425 3.9375 1.3765000000000003
672 10 0.8425 2.9450000000000003 1.2645000000000004
673 10 0.8425 12.809999999999999 2.2659999999999996
674 10 0.8425 12.809999999999999 2.2659999999999996
675 10 0.8425 12.979999999999999 2.283
676 10 0.8425 12.979999999999999 2.283
677 10 0.8425 13.944999999999999 2.1719999999999997
678 10 0.8425 4.09 1.4015
679 10 0.8425 11.535 2.146
680 10 0.8425 2.8424999999999994 1.0645000000000002
681 10 0.8425 2.8424999999999994 1.0645000000000002
682 10 0.8425 2.9200000000000004 1.2655000000000003
683 10 0.8425 2.8524999999999996 1.0712500000000003
684 10 0.8425 5.880000000000001 1.3755000000000002
685 10 0.8425 2.83 1.0567500000000003
686 10 0.8425 2.83 1.0567500000000003
687 10 0.8425 5.9624999999999995 1.43
688 10 0.8425 5.9624999999999995 1.43
689 10 0.8425 5.9624999999999995 1.465
690 10 0.8425 5.9624999999999995 1.465
691 10 0.8425 3.8850000000000002 1.25725
692 10 0.8425 3.710000000000001 1.2397500000000001
693 10 0.8425 2.405 1.1092499999999998
694 10 0.8425 2.405 1.1092499999999998
695 10 0.8425 2.9950000000000006 1.16825
696 10 0.8425 2.8925 1.158
697 10 0.8425 2.8424999999999994 1.204
698 10 0.8425 2.9125 1.2235
699 10 0.8425 12.829999999999998 2.2152499999999997
700 10 0.8425 2.9200000000000004 1.3705000000000003
701 10 0.8425 4.9675 1.57525
702 10 0.8425 2.9175 1.3627500000000001
703 10 0.8425 12.809999999999999 2.26325
704 10 0.8425 1.955 1.09925
705 10 0.8425 1.955 1.09925
706 10 0.8425 2.8925 1.193
707 10 0.8425 12.979999999999999 2.2017499999999997
708 10 0.8425 2.83 1.18675
709 10 0.8425 5.95 1.6439999999999997
710 10 0.8425 12.979999999999999 2.347
711 10 0.8425 12.979999999999999 2.347
712 10 0.8425 13.129999999999997 3.3745
713 10 0.8425 13.129999999999997 3.3745
714 10 0.8425 2.9400000000000004 1.20775
715 10 0.8425 2.9400000000000004 1.20775
716 10 0.8425 4.005 1.31425
717 10 0.8425 2.945 1.3502500000000002
718 10 0.8425 3.0425 1.36
719 10 0.8425 2.9524999999999997 1.3510000000000002
720 10 0.8425 12.854999999999999 2.4387499999999998
721 10 0.8425 15.96 3.7537499999999993
722 10 0.8425 3.025 1.1612500000000001
723 10 0.8425 12.887499999999998 2.3089999999999997
724 10 0.8425 12.887499999999998 2.3089999999999997
725 10 0.8425 3.0275000000000003 1.323
726 10 0.8425 2.8200000000000003 1.299
727 10 0.8425 2.8200000000000003 1.299
728 10 0.8425 3.415 1.3855
729 10 0.8425 12.9675 2.12075
730 10 0.5575 12.919999999999998 2.05475
731 10 0.5575 12.919999999999998 2.05475
732 10 0.5575 2.83 1.2055
733 10 0.5575 2.83 1.2055
734 10 0.5575 0.94 0.8167499999999999
735 10 0.5575 3.8850000000000002 1.34125
736 10 0.5575 3.8850000000000002 1.34125
737 10 0.635 3.8850000000000002 1.3762500000000002
738 10 0.635 13.032499999999999 2.291
739 10 0.635 5.145 1.50225
740 10 0.635 2.8475 1.08975
741 10 0.635 3.2424999999999997 1.12925
742 10 0.635 1.2049999999999996 0.8942500000000001
743 10 0.8425 2.4974999999999996 1.04875
744 10 0.8425 2.9175 1.1047500000000001
745 10 0.8425 4.125000000000001 1.2255000000000003
746 10 0.8425 1.15 0.91875
747 10 0.8425 1.15 0.91875
748 10 0.8425 2.8425 1.088
749 10 0.8425 2.8425 1.088
750 10 0.8425 2.8425 1.088
751 10 0.8425 2.8425 1.088
752 10 0.8425 5.925 1.5825
753 10 0.8425 3.045 1.2935
754 10 0.8425 2.9100000000000006 1.0947500000000001
755 10 0.8425 1.9349999999999998 0.9782500000000001
756 10 0.8425 1.9349999999999998 0.9782500000000001
757 10 0.8425 2.83 1.10275
758 10 0.8425 1.2574999999999998 0.909
759 10 0.8425 2.9200000000000004 1.07525
760 10 0.5225 2.8799999999999994 1.03375
761 10 0.5225 2.8775 1.2259999999999998
762 10 0.5225 2.8799999999999994 1.2262499999999998
763 10 0.5225 2.9075 1.2289999999999999
764 10 0.5225 2.8175 1.0342500000000001
765 10 0.5225 4.15 1.1675
766 10 0.5225 1.9049999999999998 0.9332499999999999
767 10 0.5225 1.9049999999999998 0.9332499999999999
768 10 0.5225 1.9049999999999998 0.9332499999999999
769 10 0.5225 4.050000000000001 1.34325
770 10 0.5225 2.8475 1.0392499999999998
771 10 0.5225 10.8075 1.8352499999999998
772 10 0.5225 4.070000000000001 1.1612500000000001
773 10 0.5225 1.0075 0.844
774 10 0.5225 5.9875 1.3419999999999999
775 10 0.5225 0.8975000000000001 0.8327499999999999
776 10 0.5225 2.8475 1.02875
777 10 0.5225 2.9924999999999997 1.04325
778 10 0.5225 12.919999999999998 2.036
779 10 0.5225 2.81 1.025
780 10 0.5225 2.81 1.025
781 10 0.5225 2.81 1.025
782 10 0.5225 13.944999999999999 2.13525
783 10 0.5225 2.8950000000000005 1.03025
784 10 0.8425 3.0075000000000003 1.089
785 10 0.8425 2.9024999999999994 1.173
786 10 0.8425 7.0200000000000005 1.58475
787 10 0.8425 3.0050000000000003 1.1832500000000001
788 10 0.8425 2.9475 1.27375
789 10 0.8425 2.9450000000000003 1.26975
790 10 0.8425 2.9775 1.268
791 10 0.8425 14.004999999999999 2.37075
792 10 0.8425 12.8475 2.255
793 10 0.8425 12.8475 2.255
794 10 0.8425 2.8175 1.23825
795 10 0.8425 2.6799999999999997 1.145
796 10 0.6375000000000001 1.8849999999999998 0.9407499999999999
797 10 0.6375000000000001 0.9925 0.8285
798 10 0.6375000000000001 0.9925 0.8285
799 10 0.6375000000000001 2.7425 1.0035
800 10 0.6375000000000001 4.2575 1.35
801 10 0.6375000000000001 13.787500000000001 2.21225
802 10 0.6375000000000001 12.904999999999998 2.1239999999999997
803 10 0.6375000000000001 12.904999999999998 2.1239999999999997
804 10 0.6375000000000001 5.825 1.416
805 10 0.6375000000000001 5.825 1.416
806 10 0.6375000000000001 2.8424999999999994 1.1859999999999997
807 10 0.6375000000000001 4.0200000000000005 1.3037499999999997
808 10 0.6375000000000001 12.93 2.22175
809 10 0.6375000000000001 0.9925 0.81075
810 10 0.6375000000000001 2.8175 0.99825
811 10 0.6375000000000001 3.4775 1.06425
812 10 0.6375000000000001 2.972499999999999 1.0137499999999997
813 10 0.6375000000000001 0.9175000000000001 0.78225
814 10 0.6375000000000001 3.7700000000000005 1.0675
815 10 0.6375000000000001 2.977499999999999 0.9882499999999999
816 10 0.6174999999999999 0.8675 0.7522499999999999
817 10 0.6174999999999999 15.235 2.189
818 10 0.6174999999999999 4.995000000000001 1.33925
819 10 0.6174999999999999 4.995000000000001 1.33925
820 10 0.6174999999999999 4.995000000000001 1.33925
821 10 0.6174999999999999 3.7800000000000002 1.21775
822 10 0.6174999999999999 0.8575 0.7164999999999999
823 10 0.6174999999999999 0.8475 0.696
824 10 0.6174999999999999 4.0200000000000005 1.0132499999999998
825 10 0.5175 0.8425 0.6629999999999999
826 10 0.5175 1.7550000000000001 0.74825
827 10 0.5175 2.6774999999999998 0.8404999999999999
828 10 0.5175 2.6774999999999998 0.8404999999999999
829 10 0.5175 2.6774999999999998 0.8404999999999999
830 10 0.5175 2.6774999999999998 0.8404999999999999
831 10 0.5175 3.645 0.93725
832 10 0.5175 2.595 0.8322499999999999
833 10 0.5175 2.9325 0.866
834 10 0.5175 2.9325 0.866
835 10 0.5175 2.7674999999999996 1.04125
836 10 0.5175 12.4725 2.01175
837 10 0.5175 12.4725 2.01175
838 10 0.5175 12.58 2.05375
839 10 0.5175 2.6075 1.05125
840 10 0.5175 12.635 2.054
841 10 0.5175 2.7575000000000003 1.0699999999999998
842 10 0.5175 2.5924999999999994 0.89225
843 10 0.5175 14.087499999999999 2.0417499999999995
844 10 0.5175 2.7325 0.90625
845 10 0.5175 2.6174999999999993 1.05025
846 10 0.5175 12.51 1.8605
847 10 0.5175 12.51 1.8605
848 10 0.5175 12.51 2.0307500000000003
849 10 0.5175 12.51 2.0307500000000003
850 10 0.5175 2.6524999999999994 1.0437499999999997
851 10 0.5175 2.64 0.852
852 10 0.5175 12.4725 2.03
853 10 0.5175 2.6924999999999994 0.9532499999999999
854 10 0.5175 2.595 0.9435
855 10 0.5175 2.62 0.8522500000000001
856 10 0.5175 2.5674999999999994 1.027
857 10 0.5175 2.5674999999999994 1.027
858 10 0.5175 2.1999999999999993 0.8125
859 10 0.5175 2.1999999999999993 0.8125
860 10 0.5175 0.7900000000000001 0.66225
861 10 0.5175 2.6174999999999993 0.8407499999999999
862 10 0.5175 1.1525 0.69425
863 10 0.5175 2.505 0.8295
864 10 0.5175 2.8575 0.8647500000000001
865 10 0.5175 2.8575 0.8647500000000001
866 10 0.5175 2.7424999999999997 0.8532500000000001
867 10 0.5175 0.985 0.6775
868 10 0.5175 0.985 0.6775
869 10 0.5175 6.7075000000000005 1.44925
870 10 0.5175 6.250000000000001 1.4235
871 10 0.5175 6.250000000000001 1.4235
872 10 0.5175 6.250000000000001 1.4235
873 10 0.5175 6.250000000000001 1.4235
874 10 0.5175 3.645 1.1695
875 10 0.5175 2.9575 0.8634999999999999
876 10 0.5175 16.745 2.2822500000000003
877 10 0.5175 2.7175 1.03225
878 10 0.5175 2.9299999999999997 1.0535
879 10 0.5175 2.5574999999999997 1.011
880 10 0.5175 3.9500000000000006 1.1502500000000002
881 10 0.5175 2.6524999999999994 1.0205
882 10 0.5175 2.705 1.0345
883 10 0.5175 2.6674999999999995 1.02875
884 10 0.5175 12.557500000000001 2.01225
885 10 0.5175 12.555 2.0119999999999996
886 10 0.5175 12.555 2.0119999999999996
887 10 0.5175 2.5174999999999996 0.826
888 10 0.5175 7.430000000000001 1.31725
889 10 0.5175 7.430000000000001 1.31725
890 10 0.5175 7.430000000000001 1.31725
891 10 0.5175 2.2325000000000004 0.7975000000000001
892 10 0.5175 2.2325000000000004 0.7975000000000001
893 10 0.5175 2.2325000000000004 0.7975000000000001
894 10 0.5175 2.2325000000000004 0.7975000000000001
895 10 0.5175 2.2325000000000004 0.85
896 10 0.5175 3.7700000000000005 1.0037500000000001
897 10 0.5175 1.1675 0.68525
898 10 0.5175 3.645 0.9330000000000002
899 10 0.5850000000000001 2.7175 0.8852500000000001
900 10 0.5850000000000001 2.7500000000000004 0.921
901 10 0.5850000000000001 5.7875000000000005 1.2247500000000002
902 10 0.5850000000000001 3.975 1.23
903 10 0.5850000000000001 2.8475 1.08925
904 10 0.5850000000000001 2.8475 1.1342500000000002
905 10 0.5850000000000001 3.0925 1.1765
906 10 0.5850000000000001 2.745 0.9277500000000002
907 10 0.5850000000000001 12.9675 2.13625
908 10 0.5850000000000001 12.9675 2.13625
909 10 0.5850000000000001 2.8975000000000004 0.93625
910 10 0.5850000000000001 5.5125 1.473
911 10 0.5850000000000001 5.5125 1.473
912 10 0.5850000000000001 3.7199999999999998 0.9882500000000001
913 10 0.5850000000000001 12.485 2.02375
914 10 0.605 12.555 2.0620000000000003
915 10 0.605 2.51 0.9899999999999999
916 10 0.605 2.51 0.9899999999999999
917 10 0.605 2.5674999999999994 0.9957499999999999
918 10 0.605 2.5674999999999994 0.9957499999999999
919 10 0.605 2.5674999999999994 0.9957499999999999
920 10 0.605 2.7700000000000005 0.9172499999999999
921 10 0.605 4.0125 1.246
922 10 0.605 4.0125 1.246
923 10 0.605 2.9425 1.0259999999999998
924 10 0.605 4.0200000000000005 1.1337499999999998
925 10 0.5175 3.7450000000000006 0.97675
926 10 0.5175 2.4974999999999996 0.852
927 10 0.5175 12.655000000000001 2.035
928 10 0.5175 2.7975 1.04925
929 10 0.5175 2.7424999999999997 1.0437499999999997
930 10 0.5175 2.4724999999999997 0.8295
931 10 0.5175 4.77 1.2489999999999999
932 10 0.5175 2.9899999999999993 1.0709999999999997
933 10 0.5175 12.504999999999999 2.0225
934 10 0.5175 2.5924999999999994 0.91175
935 10 0.5175 2.7375 0.9262500000000001
936 10 0.5175 2.64 1.0382500000000001
937 10 0.5175 2.615 1.0234999999999999
938 10 0.5175 13.782499999999999 2.269
939 10 0.5175 12.829999999999998 2.17375
940 10 0.5175 3.7800000000000002 1.1800000000000002
941 10 0.5175 2.8924999999999996 0.874
942 10 0.5175 0.94 0.67875
943 10 0.5175 2.595 0.8880000000000001
944 10 0.5175 13.832499999999998 2.0117499999999997
945 10 0.5175 2.6649999999999996 1.042
946 10 0.5175 3.7700000000000005 1.1525
947 10 0.5175 2.6275 1.03475
948 10 0.5175 2.5925 1.025
949 10 0.5175 4.1075 1.1765
950 10 0.5175 4.1075 1.1765
951 10 0.5175 4.1075 1.1765
952 10 0.5175 12.459999999999999 2.01175
953 10 0.5175 5.0024999999999995 1.266
954 10 0.5175 2.53 0.82975
955 10 0.5175 2.8874999999999997 1.05575
956 10 0.5175 2.5975 0.8272499999999999
957 10 0.5175 12.8925 2.07125
958 10 0.5175 12.8925 2.07125
959 10 0.5175 2.7875 1.0510000000000002
960 10 0.5175 6.73 1.2420000000000002
961 10 0.5175 6.73 1.2420000000000002
962 10 0.5175 0.7025000000000001 0.62325
963 10 0.5175 1.7725000000000002 0.7302500000000001
964 10 0.5175 2.5974999999999997 0.81875
965 10 0.5175 4.875 1.0465
966 10 0.5175 12.555 1.811
967 10 0.5175 15.645 2.185
968 10 0.5175 2.6499999999999995 0.8955
969 10 0.5175 2.5874999999999995 0.88925
970 10 0.5175 1.2525 0.7019999999999998
971 10 0.5175 1.2525 0.7019999999999998
972 10 0.5175 2.5924999999999994 0.836
973 10 0.5175 0.765 0.6409999999999999
974 10 0.5175 0.99 0.6565000000000001
975 10 0.5175 1.0675000000000001 0.6555000000000001
976 10 0.5175 0.715 0.6055
977 10 0.5175 0.7075 0.5995
978 10 0.5175 0.7075 0.5995
979 10 0.5175 0.68 0.59675
980 10 0.5175 2.6075 0.7895000000000001
981 10 0.5175 2.53 0.7817500000000002
982 10 0.5175 1.055 0.63425
983 10 0.5175 2.6950000000000003 0.9120000000000001
984 10 0.5175 3.8674999999999997 0.914
985 10 0.5175 0.6549999999999999 0.5925
986 10 0.5175 0.6549999999999999 0.6025
987 10 0.5175 0.6525000000000001 0.5912499999999999
988 10 0.5175 0.6525000000000001 0.5912499999999999
989 10 0.5175 12.555 1.8954999999999995
990 10 0.5175 1.7824999999999998 0.7002499999999999
991 10 0.5175 2.53 0.775
992 10 0.5175 12.5875 1.96725
993 10 0.5175 12.5875 1.96725
994 10 0.5175 12.854999999999999 2.0025
995 10 0.5175 3.8274999999999992 1.09975
996 10 0.5175 2.5924999999999994 0.9680000000000002
997 10 0.5175 2.5924999999999994 0.9680000000000002
998 10 0.5175 2.5549999999999997 0.96425
999 10 0.5175 4.745 1.1832500000000004